PosX;PosY;PosZ;Speed;AccX;AccY;AccZ;
-672,328;  -2,147; -46,569;   0,000;  -0,000;  -0,000;   0,000;
-672,328;  -2,147; -46,569;   0,000;  -0,000;  -0,000;   0,000;
-672,328;  -2,147; -46,569;   0,000;  -0,000;  -0,000;   0,000;
-672,328;  -2,147; -46,569;   0,000;   0,000;  -0,000;  -0,000;
-672,328;  -2,147; -46,569;   0,000;  -0,000;  -0,000;   0,000;
-672,328;  -2,147; -46,569;   0,000;   0,000;  -0,000;  -0,000;
-672,328;  -2,147; -46,569;   0,000;  -0,000;  -0,000;   0,000;
-672,328;  -2,147; -46,569;   0,000;  -0,000;  -0,000;   0,000;
-672,328;  -2,147; -46,569;   0,000;   0,000;  -0,000;  -0,000;
-672,328;  -2,147; -46,569;   0,000;  -0,000;  -0,000;   0,000;
-672,328;  -2,147; -46,569;   0,000;   0,000;  -0,000;  -0,000;
-672,328;  -2,147; -46,569;   0,000;  -0,000;  -0,000;   0,000;
-672,328;  -2,147; -46,569;   0,000;  -0,000;  -0,000;   0,000;
-672,328;  -2,147; -46,569;   0,000;  -0,000;  -0,000;   0,000;
-672,328;  -2,147; -46,569;   0,000;  -0,000;  -0,000;   0,000;
-672,328;  -2,147; -46,569;   0,000;   0,000;  -0,000;  -0,000;
-672,328;  -2,147; -46,569;   0,000;  -0,000;  -0,000;   0,000;
-672,328;  -2,147; -46,569;   0,000;  -0,000;  -0,000;   0,000;
-672,328;  -2,147; -46,569;   0,000;  -0,000;  -0,000;   0,000;
-672,328;  -2,147; -46,569;   0,000;  -0,000;  -0,000;   0,000;
-672,328;  -2,147; -46,569;   0,000;   0,000;  -0,000;  -0,000;
-672,328;  -2,147; -46,569;   0,000;  -0,000;  -0,000;   0,000;
-672,328;  -2,147; -46,569;   0,000;   0,000;  -0,000;  -0,000;
-672,328;  -2,147; -46,569;   0,001;   0,009;  -0,000;  -0,000;
-672,328;  -2,147; -46,569;   0,002;   0,024;  -0,000;   0,001;
-672,328;  -2,147; -46,569;   0,001;   0,013;  -0,000;  -0,000;
-672,328;  -2,147; -46,569;   0,003;   0,001;  -0,001;  -0,000;
-672,328;  -2,147; -46,569;   0,002;  -0,005;  -0,000;   0,000;
-672,328;  -2,147; -46,569;   0,026;  -0,006;   0,002;  -0,012;
-672,329;  -2,146; -46,569;   0,038;   0,001;  -0,047;  -0,181;
-672,329;  -2,146; -46,568;   0,016;  -0,015;   0,005;   0,051;
-672,330;  -2,146; -46,568;   0,013;   0,018;   0,017;  -0,006;
-672,330;  -2,146; -46,568;   0,033;  -0,004;  -0,011;  -0,090;
-672,332;  -2,146; -46,567;   0,090;  -0,003;  -0,008;  -0,236;
-672,336;  -2,147; -46,565;   0,251;  -0,022;   0,001;  -0,744;
-672,347;  -2,147; -46,561;   0,673;  -0,096;  -0,019;  -1,608;
-672,374;  -2,147; -46,549;   1,471;  -0,174;  -0,040;  -2,993;
-672,428;  -2,149; -46,525;   2,831;  -0,314;  -0,035;  -4,685;
-672,528;  -2,150; -46,479;   5,030;  -1,173;  -0,031;  -6,755;
-672,690;  -2,152; -46,400;   7,961;  -1,019;   0,032;  -8,871;
-672,938;  -2,153; -46,274;  11,231;  -1,155;  -0,147;  -8,296;
-673,250;  -2,154; -46,107;  14,119;  -1,756;  -0,053;  -7,561;
-673,625;  -2,155; -45,890;  16,812;  -2,618;   0,197;  -6,005;
-674,059;  -2,155; -45,619;  19,198;  -2,200;  -0,575;  -6,211;
-674,531;  -2,157; -45,303;  21,582;  -2,596;  -0,123;  -6,462;
-675,057;  -2,159; -44,923;  24,111;  -2,892;  -0,007;  -6,687;
-675,602;  -2,161; -44,499;  26,528;  -2,557;  -0,017;  -6,439;
-676,198;  -2,163; -44,005;  29,037;  -2,912;  -0,043;  -7,037;
-676,837;  -2,166; -43,440;  31,608;  -3,614;  -0,288;  -6,972;
-677,499;  -2,170; -42,809;  34,129;  -4,148;   0,008;  -6,725;
-678,203;  -2,172; -42,082;  36,753;  -3,690;  -0,014;  -7,207;
-678,903;  -2,174; -41,310;  39,179;  -3,123;  -0,281;  -6,622;
-679,651;  -2,176; -40,436;  41,726;  -2,949;   0,034;  -6,833;
-680,404;  -2,178; -39,512;  44,316;  -2,441;  -0,671;  -7,119;
-681,183;  -2,181; -38,517;  46,974;  -2,971;   0,202;  -7,760;
-682,001;  -2,182; -37,426;  49,623;  -2,946;  -0,240;  -6,518;
-682,819;  -2,184; -36,287;  51,958;  -3,509;  -0,198;  -6,495;
-683,657;  -2,186; -35,060;  54,331;  -3,695;   0,032;  -6,358;
-684,506;  -2,188; -33,752;  56,145;  -3,343;   0,323;   0,561;
-685,341;  -2,187; -32,406;  56,618;  -2,256;  -0,058;  -1,967;
-686,167;  -2,187; -31,028;  56,960;  -1,831;   0,165;   0,262;
-686,950;  -2,187; -29,685;  56,988;  -2,287;  -0,235;   0,550;
-687,733;  -2,189; -28,301;  57,297;  -1,741;   0,020;   1,893;
-688,511;  -2,191; -26,888;  57,048;  -1,186;  -0,168;  -5,101;
-689,283;  -2,192; -25,461;  59,524;  -2,052;  -0,225;  -8,018;
-690,076;  -2,195; -23,948;  62,185;  -2,641;   2,214;  -5,858;
-690,885;  -2,197; -22,361;  64,517;  -0,801;  -0,147;  -6,241;
-691,715;  -2,198; -20,712;  66,689;  -0,502;  -0,436;  -6,329;
-692,552;  -2,200; -19,033;  68,900;  -1,465;  -0,315;  -6,168;
-693,417;  -2,204; -17,265;  71,127;  -2,270;  -0,356;  -5,796;
-694,283;  -2,211; -15,442;  73,191;  -2,920;  -0,147;  -5,562;
-695,138;  -2,219; -13,574;  75,162;  -3,566;  -0,087;  -5,412;
-695,992;  -2,229; -11,622;  77,088;  -3,786;   0,249;  -5,346;
-696,841;  -2,235;  -9,586;  79,011;  -3,430;   0,188;  -5,132;
-697,676;  -2,239;  -7,490;  80,862;  -3,203;   0,034;  -4,826;
-698,491;  -2,242;  -5,353;  82,593;  -3,122;   0,052;  -4,726;
-699,302;  -2,246;  -3,138;  84,305;  -3,068;  -0,165;  -4,497;
-700,089;  -2,249;  -0,897;  85,114;  -3,081;   0,096;  -0,254;
-700,844;  -2,251;   1,348;  85,554;  -2,943;   0,073;  -3,032;
-701,583;  -2,253;   3,637;  85,800;  -2,995;  -0,095;   0,690;
-702,279;  -2,255;   5,893;  85,690;  -2,919;   0,046;  -3,242;
-702,967;  -2,257;   8,227;  85,729;  -2,839;   0,058;   2,367;
-703,612;  -2,258;  10,515;  85,868;  -2,663;   0,004;  -2,632;
-704,237;  -2,259;  12,833;  85,758;  -2,468;  -0,015;   2,433;
-704,842;  -2,260;  15,179;  85,960;  -2,575;   0,067;  -0,512;
-705,415;  -2,260;  17,502;  85,789;  -2,568;   0,195;   0,348;
-705,958;  -2,258;  19,808;  85,980;  -2,613;   0,599;   0,659;
-706,473;  -2,250;  22,104;  85,751;  -2,556;   0,388;  -1,310;
-706,989;  -2,237;  24,524;  85,666;  -2,439;   0,197;   2,304;
-707,451;  -2,223;  26,812;  85,785;  -2,826;   0,303;  -2,923;
-707,901;  -2,206;  29,194;  85,761;  -4,280;   0,376;   3,324;
-708,294;  -2,185;  31,509;  85,693;  -6,801;  -0,026;  -0,270;
-708,626;  -2,162;  33,870;  85,374;  -9,243;  -0,454;   1,065;
-708,868;  -2,141;  36,250;  85,040; -10,576;  -0,524;   1,833;
-709,004;  -2,120;  38,667;  84,743; -11,221;  -0,606;   0,817;
-709,022;  -2,103;  40,999;  84,445; -11,383;  -0,659;   0,438;
-708,923;  -2,087;  43,388;  84,210; -11,795;  -0,646;   0,905;
-708,710;  -2,072;  45,708;  84,031; -11,519;  -0,630;  -0,526;
-708,380;  -2,060;  48,021;  83,867; -11,507;  -0,652;   1,001;
-707,932;  -2,048;  50,333;  83,888; -10,526;  -0,387;  -2,070;
-707,389;  -2,037;  52,570;  84,041; -10,094;  -0,387;   0,396;
-706,728;  -2,026;  54,863;  84,158;  -8,286;  -0,195;   0,655;
-705,999;  -2,015;  57,096;  84,644;  -5,007;  -0,136;  -3,682;
-705,200;  -2,005;  59,370;  85,323;  -2,417;  -0,383;  -4,012;
-704,379;  -1,996;  61,617;  85,720;  -1,807;   0,093;   1,028;
-703,544;  -1,988;  63,850;  84,805;  -1,047;   0,176;   2,805;
-702,732;  -1,978;  65,999;  83,798;   0,539;   0,250;   3,062;
-701,904;  -1,966;  68,202;  82,718;   0,377;  -0,174;   2,820;
-701,083;  -1,954;  70,395;  81,670;  -0,532;   0,037;   2,966;
-700,291;  -1,943;  72,500;  80,652;  -0,743;   0,102;   2,660;
-699,499;  -1,931;  74,584;  79,693;  -0,993;  -0,076;   1,096;
-698,690;  -1,920;  76,684;  79,684;  -1,630;  -0,224;  -0,002;
-697,869;  -1,910;  78,769;  79,720;  -2,026;   0,102;  -0,131;
-697,024;  -1,899;  80,858;  79,741;  -2,113;   0,162;  -0,094;
-696,186;  -1,888;  82,875;  79,744;  -1,979;  -0,158;   0,004;
-695,312;  -1,876;  84,929;  79,747;  -1,757;  -0,200;   0,028;
-694,416;  -1,865;  86,991;  79,748;  -1,238;   0,091;   0,071;
-693,542;  -1,855;  88,975;  79,745;  -0,609;   0,225;   0,024;
-692,618;  -1,843;  91,054;  79,746;  -0,147;   0,061;  -0,015;
-691,748;  -1,831;  93,012;  79,749;  -0,003;  -0,015;  -0,058;
-690,838;  -1,819;  95,059;  79,750;  -0,052;  -0,038;   0,004;
-689,892;  -1,806;  97,188;  79,746;   0,055;   0,043;   0,079;
-689,008;  -1,794;  99,177;  79,744;   0,062;   0,047;   0,033;
-688,102;  -1,780; 101,215;  79,744;   0,038;   0,117;   0,004;
-687,214;  -1,766; 103,214;  79,742;   0,053;   0,170;   0,058;
-686,294;  -1,751; 105,280;  79,605;  -0,308;   0,091;   0,711;
-685,398;  -1,736; 107,291;  81,114;  -0,495;  -0,067;  -5,216;
-684,465;  -1,719; 109,365;  80,661;  -1,042;   0,110;   1,871;
-683,535;  -1,700; 111,410;  79,965;  -1,196;   0,322;   2,086;
-682,592;  -1,679; 113,454;  79,662;  -1,451;  -0,123;  -0,048;
-681,640;  -1,659; 115,481;  79,682;  -1,445;  -0,082;  -0,120;
-680,673;  -1,638; 117,505;  79,683;  -1,543;   0,791;   0,003;
-679,708;  -1,609; 119,486;  79,673;  -1,615;   0,559;  -0,061;
-678,713;  -1,575; 121,494;  79,688;  -1,544;  -0,389;   0,000;
-677,705;  -1,544; 123,493;  79,685;  -1,623;  -0,030;   0,045;
-676,682;  -1,513; 125,484;  79,673;  -1,566;   0,357;   0,071;
-675,653;  -1,479; 127,453;  79,671;  -1,658;   0,183;   0,025;
-674,597;  -1,443; 129,435;  79,671;  -1,682;   0,133;  -0,000;
-673,550;  -1,406; 131,364;  79,670;  -1,774;   0,146;   0,119;
-672,481;  -1,368; 133,298;  80,083;  -1,673;  -0,053;  -3,624;
-671,360;  -1,328; 135,288;  81,659;  -1,737;  -0,045;  -4,447;
-670,220;  -1,289; 137,278;  83,257;  -1,649;   0,069;  -4,367;
-668,977;  -1,245; 139,411;  84,912;  -1,339;   0,177;  -4,343;
-667,785;  -1,202; 141,429;  86,481;  -0,664;   0,042;  -4,326;
-666,538;  -1,157; 143,528;  88,052;  -0,255;  -0,109;  -4,350;
-665,252;  -1,112; 145,687;  89,648;  -0,495;  -0,051;  -4,238;
-663,972;  -1,067; 147,826;  91,152;  -0,885;   0,071;  -4,234;
-662,636;  -1,021; 150,039;  92,724;  -1,327;  -0,157;  -4,272;
-661,282;  -0,975; 152,258;  94,243;  -1,923;  -0,094;  -4,077;
-659,873;  -0,929; 154,529;  95,752;  -1,917;  -0,072;  -4,225;
-658,448;  -0,882; 156,788;  97,247;  -1,815;  -0,024;  -4,131;
-656,947;  -0,834; 159,132;  98,767;  -1,760;  -0,021;  -4,065;
-655,408;  -0,784; 161,499; 100,269;  -1,781;  -0,061;  -4,009;
-653,884;  -0,736; 163,812; 101,677;  -1,664;  -0,036;  -3,919;
-652,311;  -0,686; 166,170; 103,103;  -1,365;  -0,022;  -4,015;
-650,671;  -0,635; 168,603; 104,546;  -1,065;  -0,008;  -3,913;
-649,033;  -0,583; 171,014; 105,930;  -0,995;  -0,051;  -3,798;
-647,331;  -0,530; 173,500; 107,326;  -0,869;  -0,010;  -3,848;
-645,628;  -0,477; 175,972; 108,666;  -0,582;  -0,131;  -3,737;
-643,870;  -0,425; 178,514; 109,993;  -0,441;  -0,456;  -3,769;
-642,150;  -0,377; 180,993; 111,290;  -0,318;  -0,254;  -3,470;
-640,299;  -0,328; 183,651; 112,593;  -0,426;   0,007;  -3,537;
-638,475;  -0,280; 186,265; 113,876;  -0,506;  -0,006;  -3,462;
-636,636;  -0,232; 188,890; 115,111;  -0,931;  -0,405;  -3,396;
-634,790;  -0,187; 191,509; 116,321;  -1,622;  -0,558;  -3,314;
-632,869;  -0,146; 194,206; 117,540;  -2,178;  -0,542;  -3,100;
-630,924;  -0,110; 196,897; 118,695;  -2,592;  -0,190;  -3,180;
-628,949;  -0,076; 199,587; 119,873;  -2,578;  -0,369;  -3,115;
-626,935;  -0,045; 202,284; 121,004;  -2,617;  -0,443;  -3,089;
-624,880;  -0,017; 204,992; 122,108;  -2,896;  -0,154;  -2,998;
-622,772;   0,010; 207,718; 122,724;  -3,382;   0,088;   0,879;
-620,628;   0,037; 210,437; 123,690;  -3,387;  -0,259;  -3,510;
-618,448;   0,063; 213,145; 124,798;  -3,655;  -0,481;  -3,048;
-616,274;   0,083; 215,789; 125,915;  -3,208;  -0,712;  -3,036;
-613,948;   0,100; 218,564; 127,034;  -3,314;  -0,295;  -3,049;
-611,630;   0,113; 221,276; 128,127;  -3,064;  -0,188;  -2,943;
-609,200;   0,125; 224,070; 129,269;  -2,535;   0,065;  -3,007;
-606,855;   0,138; 226,727; 130,312;  -2,140;   0,591;  -2,890;
-604,431;   0,157; 229,442; 131,374;  -1,862;   0,362;  -2,989;
-601,946;   0,181; 232,195; 132,427;  -2,234;   0,129;  -2,854;
-599,436;   0,204; 234,942; 133,493;  -3,384;  -0,428;  -2,787;
-596,924;   0,225; 237,641; 134,489;  -3,836;  -0,205;  -2,805;
-594,273;   0,244; 240,433; 135,535;  -3,112;   0,148;  -2,917;
-591,707;   0,265; 243,094; 136,510;  -1,721;   0,864;  -2,747;
-588,986;   0,296; 245,888; 137,523;  -0,743;   0,792;  -2,642;
-586,213;   0,334; 248,724; 138,562;  -0,519;   0,097;  -2,577;
-583,489;   0,371; 251,501; 139,069;  -0,439;  -0,699;   3,896;
-580,821;   0,402; 254,216; 135,750;  -0,482;  -0,351;  10,880;
-578,183;   0,430; 256,893; 131,837;  -0,449;  -0,174;  11,015;
-575,648;   0,457; 259,460; 127,462;  -0,707;  -0,072;  11,972;
-573,215;   0,484; 261,912; 123,401;  -1,122;   0,166;  11,424;
-570,806;   0,514; 264,325; 119,202;  -1,750;  -0,157;  11,272;
-568,501;   0,543; 266,608; 115,215;  -2,718;  -1,005;  10,454;
-566,143;   0,564; 268,902; 111,266;  -5,187;  -0,465;  10,720;
-563,990;   0,581; 270,926; 107,645;  -7,552;   0,310;   9,857;
-561,691;   0,603; 272,983; 103,896;  -7,269;  -0,442;   9,631;
-559,601;   0,621; 274,760; 100,511;  -7,326;  -0,808;   9,553;
-557,438;   0,636; 276,501;  96,987;  -8,831;   0,002;   9,259;
-555,311;   0,652; 278,104;  93,643;  -9,100;  -0,093;   8,906;
-553,161;   0,670; 279,610;  90,372;  -8,920;  -0,389;   8,729;
-551,041;   0,687; 280,985;  87,187;  -9,401;  -0,239;   8,475;
-549,034;   0,702; 282,180;  84,541; -10,733;  -0,169;   5,979;
-546,968;   0,719; 283,288;  82,801; -11,669;  -0,213;   3,459;
-544,910;   0,736; 284,264;  81,636; -11,246;  -0,661;   1,750;
-542,816;   0,750; 285,133;  80,138; -10,092;  -1,069;   5,463;
-540,727;   0,758; 285,889;  78,070; -10,747;  -0,403;   5,012;
-538,647;   0,764; 286,527;  75,988; -10,141;  -0,412;   5,728;
-536,620;   0,767; 287,043;  73,771;  -9,814;  -0,606;   5,794;
-534,636;   0,765; 287,447;  72,020; -11,393;  -0,104;   3,918;
-532,644;   0,764; 287,738;  70,562; -11,216;  -0,253;   3,901;
-530,698;   0,764; 287,908;  69,174; -11,490;  -0,294;   2,926;
-528,801;   0,763; 287,961;  67,887; -11,641;  -0,240;   2,904;
-526,951;   0,763; 287,902;  66,575; -11,512;  -0,270;   2,858;
-525,116;   0,764; 287,731;  65,237; -11,237;  -0,445;   3,005;
-523,333;   0,763; 287,454;  63,824; -11,237;  -0,431;   2,858;
-521,611;   0,762; 287,075;  62,340; -11,227;  -0,299;   2,912;
-519,936;   0,759; 286,592;  60,908; -11,424;  -0,313;   2,920;
-518,411;   0,756; 286,044;  59,457; -11,296;  -0,346;   2,862;
-516,876;   0,753; 285,374;  57,907; -11,307;  -0,301;   2,610;
-515,436;   0,750; 284,622;  56,398; -11,313;  -0,348;   2,490;
-514,145;   0,746; 283,830;  55,029; -11,140;  -0,522;   2,103;
-512,903;   0,740; 282,940;  53,633; -11,549;  -0,280;   2,047;
-511,733;   0,731; 281,966;  52,409; -10,514;  -1,124;   1,996;
-510,719;   0,715; 281,004;  51,238;  -9,970;  -0,804;   2,045;
-509,742;   0,698; 279,945;  49,812; -10,448;   0,550;   1,725;
-508,893;   0,690; 278,879;  48,658;  -8,810;  -0,878;   1,177;
-508,118;   0,679; 277,770;  47,680;  -7,470;  -1,122;   1,205;
-507,432;   0,661; 276,659;  46,615;  -8,002;   0,225;   1,656;
-506,821;   0,645; 275,526;  45,479;  -6,793;   0,176;   1,502;
-506,278;   0,635; 274,380;  44,485;  -3,939;   0,245;   2,144;
-505,796;   0,629; 273,275;  43,296;  -1,711;   0,477;   3,148;
-505,330;   0,626; 272,161;  42,228;   1,666;  -0,691;   0,496;
-504,860;   0,620; 271,070;  43,020;   2,715;  -0,457;  -4,840;
-504,353;   0,611; 269,957;  45,076;  -0,207;   1,388;  -6,491;
-503,806;   0,607; 268,763;  47,546;  -0,273;  -0,086;  -6,485;
-503,243;   0,603; 267,529;  49,948;   0,932;  -0,493;  -6,773;
-502,652;   0,595; 266,254;  50,783;   1,646;   0,082;   0,401;
-502,036;   0,588; 264,964;  50,602;   1,692;   0,322;   0,506;
-501,420;   0,584; 263,712;  50,709;   1,250;  -0,395;  -0,895;
-500,776;   0,574; 262,431;  51,370;   0,705;  -0,800;  -1,959;
-500,108;   0,557; 261,122;  52,854;   0,428;  -0,190;  -5,138;
-499,414;   0,537; 259,772;  55,122;  -0,213;   0,072;  -6,482;
-498,690;   0,517; 258,360;  56,809;  -0,747;  -0,407;   0,244;
-497,969;   0,493; 256,936;  57,150;  -0,603;   0,054;  -5,377;
-497,259;   0,468; 255,516;  59,343;  -1,397;  -0,208;  -7,461;
-496,515;   0,440; 253,999;  61,921;  -1,564;  -0,271;  -6,745;
-495,767;   0,409; 252,439;  64,280;  -1,201;   0,203;  -6,384;
-494,976;   0,378; 250,758;  66,586;  -1,084;   0,261;  -6,246;
-494,168;   0,349; 249,013;  68,848;  -0,653;  -0,259;  -6,311;
-493,364;   0,317; 247,260;  71,073;   0,311;  -0,307;  -6,011;
-492,529;   0,283; 245,445;  73,196;   0,222;   0,148;  -5,803;
-491,668;   0,250; 243,578;  75,242;  -0,258;   0,238;  -5,639;
-490,764;   0,217; 241,612;  77,269;  -0,784;   0,315;  -5,404;
-489,858;   0,187; 239,620;  79,164;  -1,829;   0,371;  -5,156;
-488,961;   0,162; 237,600;  80,009;  -2,638;   0,412;   0,539;
-488,065;   0,140; 235,520;  81,443;  -3,018;   0,282;  -5,260;
-487,163;   0,121; 233,346;  83,215;  -3,322;   0,121;  -4,733;
-486,310;   0,105; 231,204;  84,890;  -3,015;   0,184;  -4,640;
-485,438;   0,090; 228,928;  86,556;  -3,469;   0,235;  -4,541;
-484,603;   0,077; 226,649;  88,167;  -4,195;  -0,144;  -4,474;
-483,787;   0,063; 224,299;  89,779;  -4,687;  -0,202;  -4,346;
-482,997;   0,047; 221,878;  91,418;  -5,052;  -0,124;  -4,464;
-482,237;   0,030; 219,387;  93,002;  -4,999;  -0,058;  -4,348;
-481,535;   0,013; 216,912;  94,590;  -4,998;  -0,188;  -4,311;
-480,851;  -0,006; 214,321;  96,153;  -5,008;  -0,146;  -4,271;
-480,215;  -0,025; 211,712;  97,708;  -4,822;   0,054;  -4,299;
-479,601;  -0,045; 208,985;  99,297;  -4,334;  -0,058;  -4,418;
-479,038;  -0,064; 206,286; 100,823;  -4,010;  -0,181;  -4,235;
-478,490;  -0,084; 203,450; 102,371;  -3,503;  -0,120;  -4,165;
-477,981;  -0,104; 200,629; 103,863;  -2,721;  -0,074;  -4,121;
-477,494;  -0,123; 197,785; 105,301;  -1,728;  -0,116;  -4,023;
-477,010;  -0,143; 194,844; 106,789;  -1,187;  -0,236;  -3,974;
-476,525;  -0,164; 191,816; 108,249;  -0,947;  -0,184;  -3,977;
-476,058;  -0,186; 188,852; 109,645;   0,199;   0,030;  -3,840;
-475,588;  -0,208; 185,879; 110,975;   1,212;   0,179;  -3,763;
-475,077;  -0,228; 182,734; 112,350;   1,737;  -0,106;  -3,638;
-474,548;  -0,248; 179,584; 113,713;   1,627;  -0,469;  -3,601;
-474,004;  -0,271; 176,452; 114,853;   1,431;  -0,287;   0,699;
-473,443;  -0,297; 173,302; 115,495;   1,056;   0,152;  -3,709;
-472,865;  -0,323; 170,118; 116,705;   0,700;   0,029;  -3,399;
-472,272;  -0,349; 166,895; 117,917;   1,110;  -0,425;  -3,343;
-471,665;  -0,379; 163,653; 119,111;   1,689;  -0,293;  -3,314;
-470,994;  -0,414; 160,178; 120,381;   2,246;  -0,099;  -3,377;
-470,351;  -0,447; 156,962; 121,534;   2,354;  -0,116;  -3,297;
-469,664;  -0,482; 153,648; 122,706;   2,483;   0,095;  -3,221;
-468,943;  -0,516; 150,293; 123,871;   2,433;   0,069;  -3,250;
-468,174;  -0,551; 146,834; 125,075;   2,382;  -0,595;  -3,163;
-467,384;  -0,591; 143,394; 126,227;   2,748;  -0,105;  -3,254;
-466,565;  -0,633; 139,960; 127,353;   4,025;   0,427;  -3,014;
-465,700;  -0,671; 136,504; 128,467;   5,240;  -0,276;  -3,136;
-464,756;  -0,712; 132,963; 129,586;   6,766;  -0,629;  -3,016;
-463,736;  -0,758; 129,417; 130,649;   8,700;  -0,244;  -2,898;
-462,649;  -0,803; 125,950; 131,653;   9,786;   0,004;  -2,900;
-461,463;  -0,846; 122,487; 132,661;  10,065;  -0,163;  -2,992;
-460,154;  -0,889; 118,981; 133,663;   9,872;  -0,306;  -2,942;
-458,769;  -0,931; 115,555; 134,674;   9,345;  -0,117;  -3,010;
-457,242;  -0,974; 112,036; 135,742;   8,419;  -0,478;  -3,130;
-455,675;  -1,018; 108,639; 136,758;   7,637;  -0,295;  -2,964;
-453,980;  -1,064; 105,155; 137,797;   7,188;   0,392;  -2,794;
-452,214;  -1,106; 101,694; 138,812;   6,349;   0,023;  -2,912;
-450,413;  -1,146;  98,303; 139,833;   5,518;  -0,085;  -2,814;
-448,457;  -1,187;  94,748; 140,875;   5,212;   0,309;  -2,654;
-446,591;  -1,223;  91,461; 141,814;   4,857;   0,167;  -2,708;
-444,551;  -1,259;  87,969; 142,816;   4,576;   0,098;  -2,593;
-442,447;  -1,294;  84,457; 143,815;   3,857;   0,023;  -2,673;
-440,360;  -1,328;  81,051; 144,777;   3,215;  -0,073;  -2,597;
-438,187;  -1,364;  77,570; 145,753;   3,021;  -0,081;  -2,645;
-436,040;  -1,399;  74,186; 146,663;   3,402;   0,040;  -2,605;
-433,784;  -1,436;  70,698; 147,599;   3,845;   0,020;  -2,590;
-431,502;  -1,471;  67,241; 148,316;   4,420;   0,091;   0,849;
-429,176;  -1,505;  63,798; 148,909;   4,261;   0,061;  -2,583;
-426,783;  -1,538;  60,330; 149,700;   3,203;   0,010;  -2,288;
-424,383;  -1,571;  56,909; 150,519;   1,896;  -0,029;  -2,329;
-421,940;  -1,605;  53,460; 151,351;   0,644;  -0,039;  -2,337;
-419,522;  -1,639;  50,056; 152,137;  -0,173;   0,036;  -2,318;
-417,051;  -1,675;  46,575; 152,962;  -0,660;  -0,092;  -2,317;
-414,536;  -1,711;  43,022; 153,757;  -0,864;   0,100;  -2,225;
-412,077;  -1,746;  39,534; 154,546;  -0,449;   0,281;  -2,091;
-409,645;  -1,778;  36,077; 155,335;   0,089;   0,284;  -2,090;
-407,063;  -1,809;  32,409; 156,139;   0,414;   0,075;  -2,200;
-404,540;  -1,838;  28,830; 156,923;   0,519;  -0,099;  -2,132;
-402,025;  -1,868;  25,272; 157,704;   0,519;  -0,229;  -2,133;
-399,470;  -1,901;  21,666; 158,489;   0,472;  -0,451;  -2,280;
-396,983;  -1,936;  18,166; 159,243;   0,691;  -0,138;  -2,230;
-394,352;  -1,975;  14,474; 160,030;   0,908;   0,091;  -2,139;
-391,717;  -2,014;  10,793; 160,816;   0,957;   0,060;  -2,032;
-389,071;  -2,051;   7,113; 161,577;   0,989;   0,145;  -2,179;
-386,471;  -2,086;   3,514; 162,337;   0,548;   0,060;  -1,955;
-383,789;  -2,122;  -0,190; 163,092;  -0,137;   0,030;  -2,212;
-381,072;  -2,157;  -3,944; 163,860;  -0,549;   0,056;  -2,074;
-378,388;  -2,192;  -7,662; 164,608;  -0,693;  -0,079;  -2,080;
-375,675;  -2,228; -11,434; 165,372;  -0,747;  -0,156;  -2,037;
-372,995;  -2,265; -15,171; 166,113;  -0,862;  -0,179;  -2,045;
-370,298;  -2,305; -18,947; 166,846;  -0,908;   0,012;  -2,104;
-367,565;  -2,344; -22,789; 167,588;  -0,606;   0,311;  -1,997;
-364,808;  -2,381; -26,675; 168,310;   0,207;   0,376;  -1,998;
-362,128;  -2,414; -30,447; 169,025;   0,925;   0,341;  -1,880;
-359,378;  -2,443; -34,305; 169,723;   0,850;   0,690;  -2,010;
-356,622;  -2,465; -38,155; 170,415;   0,655;   0,708;  -1,925;
-353,893;  -2,480; -41,956; 171,096;   0,610;   0,964;  -1,883;
-351,080;  -2,483; -45,866; 171,740;   0,544;   1,852;  -1,917;
-348,303;  -2,470; -49,714; 172,406;   0,463;   0,886;  -1,877;
-345,446;  -2,447; -53,666; 173,057;   0,900;   1,349;  -1,659;
-342,526;  -2,408; -57,688; 173,684;   0,844;   1,391;  -1,703;
-339,698;  -2,358; -61,568; 174,326;   1,432;  -0,019;  -1,602;
-336,787;  -2,304; -65,536; 174,125;   2,282;   0,686;   2,850;
-333,931;  -2,245; -69,393; 172,538;   2,793;   1,096;   6,098;
-331,087;  -2,176; -73,187; 170,001;   3,300;   0,307;   7,637;
-328,261;  -2,105; -76,901; 166,994;   3,876;  -0,345;   8,579;
-325,453;  -2,036; -80,530; 163,932;   4,127;  -0,073;   8,421;
-322,618;  -1,967; -84,127; 160,828;   3,765;  -0,075;   8,632;
-319,860;  -1,899; -87,567; 157,673;   3,409;  -0,207;   8,430;
-317,063;  -1,830; -91,000; 154,782;   4,237;  -0,167;   6,575;
-314,357;  -1,765; -94,252; 152,617;   6,433;  -0,311;   6,603;
-311,538;  -1,700; -97,530; 151,039;   9,643;  -0,272;   2,722;
-308,747;  -1,638;-100,631; 150,088;  10,592;  -0,456;   2,316;
-305,908;  -1,576;-103,626; 149,141;  11,008;  -0,600;   2,359;
-302,970;  -1,514;-106,566; 148,188;  10,661;  -0,175;   2,264;
-299,915;  -1,449;-109,466; 147,255;  10,472;  -0,008;   2,002;
-296,862;  -1,383;-112,219; 146,536;   9,008;  -0,536;   1,417;
-293,828;  -1,320;-114,839; 146,105;   7,286;  -0,708;   1,128;
-290,643;  -1,259;-117,490; 145,570;   7,180;   0,282;   1,263;
-287,488;  -1,196;-120,020; 145,159;   8,359;   0,018;   0,968;
-284,293;  -1,131;-122,475; 144,827;   9,404;  -0,423;   0,923;
-281,010;  -1,066;-124,879; 144,591;   9,912;  -0,436;   0,159;
-277,757;  -1,003;-127,140; 144,583;   9,973;  -0,283;  -0,172;
-274,349;  -0,938;-129,384; 144,627;   9,874;  -0,080;  -0,250;
-270,863;  -0,870;-131,555; 144,717;   9,184;  -0,402;  -0,442;
-267,430;  -0,805;-133,584; 144,909;   8,973;  -0,527;  -0,527;
-263,836;  -0,741;-135,601; 145,091;   9,509;  -0,167;  -0,572;
-260,309;  -0,679;-137,473; 145,224;  10,162;  -0,194;  -0,514;
-256,601;  -0,612;-139,324; 145,428;  10,229;  -0,210;  -0,593;
-252,950;  -0,547;-141,031; 145,623;  10,102;  -0,751;  -0,645;
-249,192;  -0,484;-142,675; 145,743;  10,165;  -0,304;  -0,420;
-245,422;  -0,421;-144,210; 145,896;  10,381;   0,050;  -0,705;
-241,603;  -0,356;-145,652; 145,937;  10,639;  -0,246;   1,339;
-237,781;  -0,292;-146,988; 146,552;   9,766;  -0,793;  -1,646;
-233,820;  -0,230;-148,268; 146,858;   9,659;  -0,551;  -0,911;
-229,864;  -0,169;-149,441; 147,098;   9,868;   0,301;  -0,483;
-225,890;  -0,103;-150,516; 147,135;   9,268;   0,150;  -0,136;
-221,938;  -0,034;-151,490; 146,887;   8,040;  -0,644;   1,588;
-218,019;   0,031;-152,373; 146,208;   7,695;  -0,595;   1,943;
-214,004;   0,095;-153,198; 145,426;   8,139;   0,313;   2,094;
-209,862;   0,164;-153,965; 143,384;   5,931;   0,364;   8,208;
-206,106;   0,232;-154,602; 140,277;   3,598;  -0,417;   9,730;
-202,288;   0,297;-155,216; 136,453;   2,221;  -1,081;  10,857;
-198,520;   0,353;-155,798; 132,456;   1,393;   0,064;  11,029;
-194,933;   0,409;-156,339; 128,562;  -0,528;   0,699;  10,669;
-191,403;   0,471;-156,878; 124,715;  -2,053;  -0,549;   9,940;
-188,024;   0,527;-157,413; 121,168;  -2,338;  -0,949;  10,113;
-184,763;   0,573;-157,952; 117,317;  -2,626;  -0,692;  10,840;
-181,540;   0,612;-158,511; 113,288;  -2,511;  -0,653;  11,098;
-178,480;   0,642;-159,066; 109,331;  -2,659;  -0,953;  10,761;
-175,500;   0,663;-159,633; 105,460;  -2,685;  -1,226;  10,284;
-172,697;   0,672;-160,193; 101,942;  -2,628;  -0,616;   8,940;
-169,876;   0,677;-160,783;  99,668;  -1,020;   0,062;   3,486;
-167,176;   0,683;-161,356;  98,882;   1,556;   0,179;   1,833;
-164,503;   0,690;-161,910;  98,285;   1,340;  -0,413;   1,628;
-161,805;   0,692;-162,460;  97,697;  -2,055;  -0,551;   1,727;
-159,141;   0,689;-163,023;  97,064;  -4,529;   0,022;   1,676;
-156,515;   0,686;-163,624;  96,514;  -6,402;   0,403;   1,565;
-153,934;   0,688;-164,281;  95,885;  -8,478;  -0,027;   1,850;
-151,365;   0,692;-165,022;  95,209; -10,337;  -0,516;   1,934;
-148,797;   0,694;-165,875;  94,454; -11,734;  -0,605;   2,139;
-146,414;   0,695;-166,786;  93,605; -11,905;  -0,602;   2,967;
-143,986;   0,696;-167,845;  91,995; -11,968;  -0,572;   4,219;
-141,747;   0,698;-168,950;  90,609; -12,538;  -0,504;   2,696;
-139,480;   0,698;-170,212;  89,554; -12,438;  -0,791;   2,172;
-137,380;   0,697;-171,527;  88,580; -12,643;  -0,623;   1,993;
-135,362;   0,695;-172,940;  87,546; -13,265;  -0,109;   2,224;
-133,447;   0,696;-174,441;  86,406; -12,845;  -0,480;   2,228;
-131,635;   0,698;-176,025;  84,978; -12,406;  -0,751;   3,579;
-129,984;   0,699;-177,626;  83,509; -12,948;  -0,450;   2,769;
-128,418;   0,699;-179,316;  82,246; -12,618;  -0,693;   2,551;
-126,948;   0,699;-181,090;  81,060; -12,542;  -0,642;   1,505;
-125,637;   0,700;-182,869;  80,159; -12,634;  -0,634;   1,466;
-124,415;   0,699;-184,743;  79,066; -12,520;  -0,893;   2,130;
-123,294;   0,697;-186,699;  77,811; -13,178;  -0,072;   2,418;
-122,367;   0,696;-188,567;  76,653; -12,679;  -0,437;   2,803;
-121,537;   0,698;-190,519;  75,220; -12,058;  -0,852;   2,864;
-120,835;   0,698;-192,484;  74,133; -12,546;  -0,462;   1,952;
-120,251;   0,698;-194,499;  73,321; -12,443;  -0,287;   1,601;
-119,805;   0,700;-196,488;  72,057; -11,293;  -0,555;   3,495;
-119,485;   0,701;-198,422;  70,840; -11,303;  -0,600;   3,458;
-119,277;   0,701;-200,384;  69,648; -11,684;  -0,286;   3,260;
-119,188;   0,701;-202,293;  68,396; -11,247;  -0,283;   3,646;
-119,211;   0,700;-204,177;  67,111; -11,570;   0,318;   3,778;
-119,351;   0,707;-206,057;  65,785; -12,355;   2,362;   3,686;
-119,593;   0,725;-207,843;  64,168;  -9,463;  -1,143;   5,244;
-119,918;   0,734;-209,596;  62,996;  -6,904;  -3,091;   2,934;
-120,308;   0,726;-211,285;  61,643;  -9,974;   1,005;   3,757;
-120,794;   0,724;-212,955;  60,248;  -8,566;  -0,990;   2,448;
-121,346;   0,721;-214,544;  58,761;  -7,310;  -1,501;   3,732;
-121,946;   0,708;-216,037;  57,305; -10,206;   1,047;   3,198;
-122,618;   0,706;-217,458;  55,936;  -9,773;   0,484;   3,234;
-123,342;   0,711;-218,784;  54,495;  -7,394;  -1,703;   2,605;
-124,150;   0,706;-220,100;  53,556;  -5,565;  -0,702;   1,453;
-124,986;   0,695;-221,358;  52,803;  -3,192;   1,596;   1,802;
-125,823;   0,696;-222,554;  52,156;  -3,927;   0,459;   0,050;
-126,660;   0,702;-223,692;  53,204;   1,105;  -1,223;  -4,466;
-127,562;   0,699;-224,939;  54,749;   5,805;   0,088;  -3,339;
-128,421;   0,699;-226,221;  55,567;   7,096;   1,087;  -1,221;
-129,229;   0,708;-227,551;  56,133;   6,551;  -0,845;  -2,441;
-130,008;   0,710;-228,971;  56,964;   6,020;  -1,775;  -2,244;
-130,718;   0,701;-230,395;  57,277;   4,007;   0,839;   1,472;
-131,390;   0,699;-231,825;  56,191;  -0,925;   1,916;   3,678;
-132,065;   0,713;-233,249;  54,941;  -1,532;  -0,752;   2,681;
-132,726;   0,721;-234,613;  54,639;   1,304;  -0,841;  -0,630;
-133,386;   0,723;-236,001;  55,106;   2,512;   0,290;  -1,833;
-134,026;   0,726;-237,405;  55,990;   2,574;   0,163;  -2,838;
-134,657;   0,730;-238,847;  57,124;   1,834;  -2,300;  -3,331;
-135,288;   0,714;-240,341;  58,295;   2,614;  -0,934;  -2,865;
-135,900;   0,693;-241,855;  59,067;   2,998;   2,384;  -1,819;
-136,490;   0,688;-243,389;  60,327;   3,155;  -0,103;  -5,143;
-137,074;   0,685;-244,990;  62,116;   1,592;  -1,539;  -4,427;
-137,662;   0,676;-246,654;  63,341;   1,355;   1,526;  -2,290;
-138,243;   0,676;-248,344;  64,539;   1,746;  -0,010;  -4,710;
-138,816;   0,676;-250,062;  66,287;   0,915;  -2,021;  -4,459;
-139,410;   0,662;-251,873;  67,541;   0,269;   0,910;  -2,716;
-140,008;   0,653;-253,711;  68,841;   0,374;   0,386;  -3,780;
-140,596;   0,647;-255,526;  70,115;  -0,579;  -0,871;  -3,217;
-141,215;   0,635;-257,419;  71,088;  -1,830;   0,880;  -3,009;
-141,858;   0,633;-259,320;  72,316;  -2,345;   0,716;  -3,111;
-142,544;   0,640;-261,261;  73,528;  -5,257;   1,329;  -3,983;
-143,265;   0,647;-263,175;  74,754;  -6,275;   1,270;  -1,271;
-144,054;   0,647;-265,134;  76,139;  -4,356;  -1,106;  -3,542;
-144,908;   0,637;-267,127;  77,465;  -6,374;   0,027;  -3,471;
-145,819;   0,629;-269,093;  78,650;  -7,251;  -0,126;  -3,320;
-146,824;   0,621;-271,088;  79,806;  -7,304;  -0,273;  -3,144;
-147,912;   0,612;-273,080;  80,966;  -7,987;  -0,041;  -3,177;
-149,078;   0,604;-275,043;  82,151;  -8,523;  -0,165;  -3,424;
-150,326;   0,597;-276,976;  83,284;  -8,697;  -0,296;  -3,114;
-151,686;   0,590;-278,911;  83,510;  -7,379;  -0,243;  -4,158;
-153,109;   0,582;-280,793;  85,027;  -8,314;  -0,166;  -3,846;
-154,629;   0,573;-282,661;  86,178;  -9,533;  -0,380;  -2,583;
-156,198;   0,564;-284,442;  87,060;  -8,888;  -0,301;  -2,764;
-157,902;   0,554;-286,236;  88,133;  -7,861;  -0,412;  -3,489;
-159,678;   0,542;-287,991;  89,489;  -4,882;  -0,266;  -3,977;
-161,503;   0,528;-289,724;  90,900;  -1,136;   0,025;  -3,776;
-163,346;   0,515;-291,455;  92,223;   0,118;   0,195;  -3,566;
-165,236;   0,503;-293,229;  93,529;  -1,313;   0,054;  -3,646;
-167,143;   0,493;-295,001;  94,819;  -2,700;  -0,081;  -3,599;
-169,133;   0,482;-296,811;  96,080;  -4,257;  -0,040;  -3,420;
-171,139;   0,473;-298,577;  97,301;  -5,830;  -0,024;  -3,380;
-173,265;   0,464;-300,369;  98,478;  -7,206;  -0,112;  -2,972;
-175,436;   0,456;-302,102;  99,346;  -8,616;  -0,205;  -1,559;
-177,610;   0,448;-303,729;  99,301;  -9,678;  -0,213;   2,090;
-179,870;   0,440;-305,303;  98,483; -10,536;  -0,335;   2,428;
-182,165;   0,432;-306,776;  97,606; -10,874;  -0,559;   2,382;
-184,542;   0,422;-308,169;  96,723; -11,192;  -0,639;   1,682;
-186,913;   0,410;-309,426;  96,159; -11,499;  -0,562;   1,013;
-189,310;   0,396;-310,570;  95,973; -11,073;  -0,836;  -0,153;
-191,781;   0,377;-311,624;  95,974; -10,908;  -0,822;  -0,604;
-194,290;   0,353;-312,575;  96,155; -10,449;  -0,645;  -1,196;
-196,819;   0,326;-313,421;  96,584;  -9,637;  -0,611;  -1,718;
-199,443;   0,293;-314,195;  97,158;  -8,355;  -0,683;  -1,724;
-202,149;   0,255;-314,901;  97,822;  -7,010;  -0,715;  -1,973;
-204,810;   0,212;-315,520;  98,594;  -5,296;  -0,469;  -2,309;
-207,518;   0,163;-316,095;  99,439;  -4,243;   0,097;  -2,470;
-210,204;   0,115;-316,622; 100,364;  -3,655;   0,011;  -2,640;
-213,032;   0,065;-317,138; 101,347;  -4,395;  -0,482;  -2,668;
-215,786;   0,014;-317,594; 102,237;  -6,196;   0,202;  -2,384;
-218,671;  -0,035;-318,006; 103,109;  -7,797;   1,352;  -2,295;
-221,563;  -0,073;-318,338; 104,009;  -8,335;   0,843;  -2,451;
-224,431;  -0,101;-318,585; 104,804;  -8,811;   0,325;  -2,198;
-227,383;  -0,127;-318,748; 105,576;  -9,317;  -0,045;  -2,267;
-230,301;  -0,153;-318,818; 106,345;  -9,725;  -0,269;  -2,294;
-233,330;  -0,184;-318,790; 107,147;  -9,867;  -0,774;  -2,336;
-236,377;  -0,223;-318,660; 107,946;  -9,756;  -1,108;  -2,339;
-239,368;  -0,272;-318,432; 108,696; -10,923;  -0,391;  -2,036;
-242,341;  -0,325;-318,099; 109,329; -11,613;   0,286;  -1,972;
-245,390;  -0,378;-317,638; 110,025; -11,257;  -0,118;  -2,250;
-248,433;  -0,432;-317,060; 110,769; -11,825;   0,437;  -2,333;
-251,449;  -0,482;-316,366; 111,579; -11,413;   0,440;  -2,580;
-254,488;  -0,529;-315,546; 112,433; -12,056;   1,554;  -2,606;
-257,518;  -0,564;-314,602; 113,465; -11,594;   1,733;  -3,369;
-260,495;  -0,586;-313,550; 114,660; -10,417;   0,539;  -3,459;
-263,468;  -0,602;-312,386; 115,809;  -9,845;   0,028;  -3,284;
-266,460;  -0,619;-311,105; 116,956; -10,012;   0,055;  -3,116;
-269,469;  -0,636;-309,703; 118,047;  -9,696;  -0,620;  -3,324;
-272,463;  -0,659;-308,195; 119,184;  -9,091;  -1,481;  -3,048;
-275,383;  -0,696;-306,621; 120,188;  -9,490;  -0,894;  -2,990;
-278,289;  -0,741;-304,943; 121,131; -10,023;   0,130;  -2,927;
-281,103;  -0,785;-303,206; 121,410;  -8,816;   0,294;  -3,357;
-284,031;  -0,829;-301,285; 122,763;  -8,053;   0,278;  -3,111;
-286,829;  -0,869;-299,356; 123,910;  -6,239;   0,443;  -3,265;
-289,648;  -0,905;-297,337; 125,055;  -5,360;   0,965;  -3,181;
-292,484;  -0,930;-295,238; 126,172;  -5,601;   1,511;  -3,063;
-295,311;  -0,942;-293,073; 127,279;  -5,710;   0,335;  -3,067;
-298,156;  -0,950;-290,819; 128,403;  -6,335;  -0,581;  -2,984;
-300,902;  -0,963;-288,560; 129,453;  -7,602;  -0,307;  -2,821;
-303,658;  -0,977;-286,194; 130,470;  -8,470;   0,226;  -2,840;
-306,342;  -0,989;-283,779; 131,489;  -8,808;   0,340;  -2,956;
-309,014;  -0,996;-281,257; 132,509;  -8,627;  -0,163;  -2,971;
-311,672;  -1,002;-278,627; 133,520;  -8,423;  -0,420;  -2,756;
-314,264;  -1,012;-275,944; 134,510;  -8,374;  -0,467;  -2,815;
-316,798;  -1,021;-273,196; 135,480;  -9,155;   0,047;  -2,636;
-319,354;  -1,029;-270,288; 136,447;  -8,392;  -0,237;  -2,560;
-321,819;  -1,040;-267,358; 137,402;  -6,389;  -1,737;  -2,943;
-324,276;  -1,066;-264,325; 138,352;  -5,989;  -1,032;  -2,692;
-326,595;  -1,098;-261,366; 139,310;  -5,024;   0,577;  -2,782;
-328,928;  -1,127;-258,314; 140,351;  -1,505;   0,179;  -2,823;
-331,323;  -1,155;-255,155; 141,367;   0,766;  -0,384;  -2,848;
-333,762;  -1,187;-251,950; 142,379;   1,098;   0,105;  -2,641;
-336,167;  -1,217;-248,807; 143,354;   0,826;   0,195;  -2,713;
-338,615;  -1,247;-245,621; 144,327;   0,432;  -0,108;  -2,616;
-341,065;  -1,277;-242,441; 145,281;   0,295;   0,255;  -2,684;
-343,548;  -1,306;-239,222; 146,212;   0,022;   0,502;  -2,609;
-346,060;  -1,329;-235,968; 147,163;  -0,090;   0,151;  -2,567;
-348,594;  -1,352;-232,683; 148,094;   0,013;  -0,446;  -2,562;
-351,102;  -1,380;-229,433; 149,010;   0,302;  -0,503;  -2,497;
-353,721;  -1,413;-226,044; 149,928;   0,502;  -0,173;  -2,417;
-356,233;  -1,446;-222,803; 150,806;   0,711;   0,323;  -2,455;
-358,835;  -1,477;-219,456; 151,675;   0,735;   0,372;  -2,434;
-361,474;  -1,505;-216,073; 152,555;   0,274;   0,314;  -2,457;
-364,108;  -1,530;-212,700; 153,403;  -0,362;   0,210;  -2,342;
-366,753;  -1,553;-209,306; 154,233;  -1,217;   0,241;  -2,334;
-369,439;  -1,575;-205,839; 155,078;  -1,331;  -0,200;  -2,360;
-372,067;  -1,598;-202,426; 155,910;  -1,082;  -0,640;  -2,309;
-374,672;  -1,627;-199,025; 156,227;  -0,385;  -0,200;  -2,471;
-377,369;  -1,660;-195,497; 157,080;  -0,235;   0,464;  -2,022;
-380,044;  -1,687;-191,995; 157,811;   0,123;   1,796;  -2,027;
-382,717;  -1,699;-188,498; 158,613;   0,175;  -0,354;  -2,267;
-385,446;  -1,711;-184,931; 159,384;   0,024;  -0,382;  -2,017;
-388,134;  -1,725;-181,418; 160,101;   0,384;   1,444;  -1,947;
-390,877;  -1,729;-177,838; 160,888;   0,362;  -0,717;  -2,273;
-393,571;  -1,738;-174,331; 161,553;   1,718;  -1,166;  -0,828;
-396,369;  -1,755;-170,717; 159,785;   2,545;   0,845;   7,856;
-399,088;  -1,765;-167,244; 156,394;   2,089;   0,616;  10,953;
-401,777;  -1,766;-163,846; 151,758;   2,983;   2,221;  13,007;
-404,375;  -1,748;-160,602; 147,401;   1,021;  -0,771;  11,223;
-406,947;  -1,734;-157,408; 143,292;  -0,533;  -0,973;  12,242;
-409,392;  -1,730;-154,365; 139,124;  -0,754;  -2,320;  10,343;
-411,768;  -1,745;-151,397; 135,242;  -0,532;  -0,312;  12,771;
-414,107;  -1,762;-148,465; 130,467;  -0,675;   2,170;  12,502;
-416,359;  -1,760;-145,637; 125,795;   0,676;  -0,400;  11,924;
-418,507;  -1,759;-142,951; 121,644;   1,492;  -1,475;  11,694;
-420,613;  -1,768;-140,340; 117,117;   2,455;   0,118;  12,861;
-422,706;  -1,777;-137,785; 112,431;   3,341;   0,523;  12,508;
-424,644;  -1,779;-135,471; 107,924;   4,251;   0,287;  12,368;
-426,605;  -1,778;-133,197; 103,739;   5,520;  -0,366;  10,477;
-428,488;  -1,779;-131,095; 100,228;   6,669;  -0,330;   9,989;
-430,356;  -1,782;-129,106;  96,452;   7,867;   0,252;  10,250;
-432,231;  -1,783;-127,225;  93,970;  10,665;  -0,387;   3,795;
-434,137;  -1,785;-125,458;  92,901;  11,116;  -0,860;   2,986;
-436,146;  -1,791;-123,753;  91,879;  12,074;  -0,455;   2,460;
-438,142;  -1,798;-122,215;  90,972;  12,307;   0,273;   2,341;
-440,241;  -1,801;-120,753;  90,149;   9,994;  -0,218;   1,521;
-442,365;  -1,806;-119,399;  89,978;   7,937;  -0,812;  -1,591;
-444,495;  -1,817;-118,136;  90,228;   6,539;   0,146;  -0,154;
-446,777;  -1,829;-116,867;  89,986;   7,067;   0,576;   1,437;
-448,970;  -1,838;-115,728;  89,315;   9,073;  -0,335;   2,208;
-451,249;  -1,851;-114,650;  88,558;  10,318;  -0,630;   2,047;
-453,489;  -1,871;-113,703;  88,015;  10,939;  -0,120;   0,816;
-455,818;  -1,894;-112,842;  87,762;  12,149;   1,058;   0,822;
-458,144;  -1,910;-112,110;  87,483;  11,510;   0,614;   1,103;
-460,492;  -1,924;-111,491;  86,964;  10,911;  -0,025;   1,960;
-462,860;  -1,940;-110,984;  86,194;  12,489;   0,506;   2,303;
-465,170;  -1,958;-110,613;  85,342;  13,653;   0,717;   2,471;
-467,557;  -1,976;-110,368;  84,462;  14,124;   0,738;   2,631;
-469,912;  -1,993;-110,273;  83,459;  14,518;   0,921;   2,479;
-472,208;  -2,007;-110,327;  82,537;  14,606;   0,668;   2,594;
-474,542;  -2,024;-110,533;  81,559;  15,104;   1,079;   2,592;
-476,748;  -2,040;-110,877;  80,880;  15,340;   1,137;   1,352;
-478,941;  -2,055;-111,374;  80,816;  14,577;   1,156;  -0,782;
-481,135;  -2,069;-112,026;  81,309;  13,626;   1,395;  -1,627;
-483,239;  -2,082;-112,792;  82,001;  12,585;   1,502;  -1,865;
-485,407;  -2,093;-113,722;  82,639;  12,744;   1,670;  -1,452;
-487,463;  -2,098;-114,746;  83,260;  13,574;   2,070;  -1,639;
-489,514;  -2,096;-115,923;  83,990;  13,033;   1,473;  -2,087;
-491,489;  -2,090;-117,210;  84,823;  13,031;   1,614;  -2,283;
-493,390;  -2,080;-118,609;  85,655;  13,499;   1,920;  -2,573;
-495,238;  -2,063;-120,135;  86,568;  13,096;   1,324;  -2,494;
-497,025;  -2,044;-121,786;  87,419;  12,517;   0,989;  -2,061;
-498,784;  -2,023;-123,594;  88,104;  12,764;   1,757;  -1,909;
-500,400;  -1,996;-125,444;  88,828;  12,734;   1,879;  -2,149;
-501,938;  -1,960;-127,398;  89,725;  11,751;   1,067;  -2,464;
-503,428;  -1,919;-129,494;  90,591;  12,530;   1,550;  -2,294;
-504,788;  -1,873;-131,628;  91,432;  12,282;   0,937;  -2,358;
-506,063;  -1,827;-133,857;  92,273;  12,094;  -0,260;  -1,796;
-507,238;  -1,785;-136,161;  92,429;  13,956;   0,781;   0,750;
-508,273;  -1,741;-138,494;  92,014;  14,854;   1,263;   1,034;
-509,192;  -1,690;-140,921;  91,900;  12,191;  -1,044;  -0,556;
-509,990;  -1,650;-143,384;  92,052;  11,468;  -1,499;  -0,558;
-510,659;  -1,624;-145,829;  92,127;  13,283;   0,340;  -0,342;
-511,208;  -1,596;-148,331;  92,050;  13,388;   0,296;   0,221;
-511,627;  -1,565;-150,868;  91,492;  12,213;  -0,778;   2,286;
-511,921;  -1,540;-153,420;  90,625;  12,425;  -0,720;   1,856;
-512,082;  -1,522;-155,892;  90,007;  13,387;   0,336;   1,239;
-512,111;  -1,499;-158,449;  89,776;  12,418;  -0,308;  -0,447;
-512,016;  -1,479;-160,914;  90,074;  10,260;  -1,966;  -1,450;
-511,810;  -1,473;-163,432;  90,419;  12,258;  -0,352;  -0,891;
-511,485;  -1,468;-165,917;  90,697;  13,674;   1,442;  -1,214;
-511,024;  -1,449;-168,405;  91,260;  11,753;  -0,068;  -2,104;
-510,432;  -1,430;-170,939;  92,089;  10,089;  -1,223;  -2,457;
-509,739;  -1,420;-173,430;  92,923;  10,702;  -0,113;  -2,572;
-508,921;  -1,410;-175,960;  94,008;   8,941;   0,147;  -3,514;
-508,046;  -1,398;-178,383;  95,436;   4,927;  -0,212;  -4,669;
-507,093;  -1,385;-180,874;  97,077;   0,371;  -0,209;  -4,321;
-506,118;  -1,372;-183,403;  98,594;  -1,418;   0,170;  -4,202;
-505,113;  -1,357;-186,041; 100,142;  -0,319;  -0,123;  -4,160;
-504,109;  -1,342;-188,690; 101,637;   0,595;  -0,538;  -4,167;
-503,098;  -1,330;-191,343; 103,107;   0,925;  -0,242;  -4,026;
-502,069;  -1,320;-194,017; 104,554;   1,359;  -0,152;  -3,951;
-500,997;  -1,311;-196,760; 105,974;   1,804;   0,127;  -3,942;
-499,887;  -1,301;-199,550; 107,406;   2,319;   0,082;  -3,854;
-498,717;  -1,291;-202,427; 108,811;   2,546;   0,017;  -3,755;
-497,567;  -1,279;-205,188; 110,159;   2,714;   0,017;  -3,750;
-496,352;  -1,268;-208,035; 111,491;   2,803;  -0,324;  -3,652;
-495,057;  -1,259;-210,993; 112,820;   3,448;  -0,149;  -3,532;
-493,769;  -1,253;-213,847; 114,085;   4,024;  -0,195;  -3,444;
-492,406;  -1,248;-216,766; 115,334;   4,398;  -0,156;  -3,490;
-490,971;  -1,245;-219,732; 116,581;   4,756;  -0,096;  -3,362;
-489,536;  -1,242;-222,589; 117,693;   5,723;   0,038;   0,725;
-487,981;  -1,239;-225,563; 118,236;   5,732;  -0,008;  -3,720;
-486,410;  -1,236;-228,443; 119,374;   6,427;  -0,145;  -2,968;
-484,732;  -1,236;-231,381; 120,525;   7,646;  -0,284;  -3,157;
-482,993;  -1,237;-234,267; 121,550;   8,252;   1,327;  -3,034;
-481,160;  -1,226;-237,130; 122,526;  10,620;   1,048;  -2,882;
-479,264;  -1,209;-239,917; 123,433;   9,736;  -1,720;  -3,459;
-477,215;  -1,195;-242,749; 123,961;   9,832;   1,619;   0,486;
-475,054;  -1,170;-245,525; 124,087;  12,558;   5,027;  -0,399;
-472,841;  -1,117;-248,156; 124,316;  14,231;   2,286;  -1,742;
-470,546;  -1,046;-250,703; 124,665;  10,564;  -0,356;  -1,470;
-468,127;  -0,968;-253,225; 125,054;   9,723;   0,215;  -0,143;
-465,652;  -0,885;-255,651; 125,442;  11,108;   0,049;  -1,139;
-463,019;  -0,798;-258,068; 125,549;  11,519;  -0,462;   0,345;
-460,437;  -0,716;-260,288; 125,030;  10,063;  -1,750;   1,952;
-457,658;  -0,646;-262,537; 124,246;  10,307;  -2,296;   1,957;
-454,870;  -0,595;-264,653; 123,444;  13,168;   0,738;   1,833;
-452,074;  -0,536;-266,613; 122,888;  12,050;  -0,374;   0,242;
-449,177;  -0,475;-268,498; 122,815;   9,599;  -2,581;  -0,502;
-446,282;  -0,431;-270,260; 122,828;  11,355;   0,750;  -0,295;
-443,312;  -0,374;-271,943; 122,989;   8,750;   2,073;  -0,915;
-440,278;  -0,297;-273,572; 123,280;   0,861;  -2,149;  -0,327;
-437,221;  -0,235;-275,195; 122,865;  -1,522;  -0,217;   2,327;
-434,199;  -0,174;-276,816; 121,954;  -2,492;   3,241;   2,592;
-431,265;  -0,090;-278,419; 121,168;  -3,796;   0,100;   1,941;
-428,276;  -0,003;-280,097; 120,367;  -5,096;  -1,806;   2,459;
-425,424;   0,064;-281,757; 119,336;  -6,993;  -1,583;   3,511;
-422,480;   0,113;-283,550; 117,736;  -6,525;  -3,735;   4,391;
-419,809;   0,124;-285,255; 115,931;  -8,353;  -2,731;   5,517;
-417,197;   0,110;-287,018; 113,878; -11,413;   0,252;   5,228;
-414,578;   0,093;-288,922; 112,099; -10,730;  -1,249;   3,120;
-412,145;   0,063;-290,822; 111,335; -10,697;  -1,897;   0,714;
-409,764;   0,016;-292,819; 110,897; -12,294;  -0,111;   1,609;
-407,476;  -0,034;-294,895; 109,971; -10,219;   0,236;   1,903;
-405,259;  -0,084;-297,037; 109,817;  -3,085;  -0,472;  -1,021;
-403,077;  -0,138;-299,186; 110,247;   2,974;  -0,373;  -1,295;
-400,807;  -0,194;-301,389; 110,741;   0,598;   0,809;  -1,493;
-398,576;  -0,243;-303,547; 111,183;  -3,342;   0,036;  -0,891;
-396,401;  -0,291;-305,694; 111,500;  -4,096;  -0,614;  -1,060;
-394,188;  -0,347;-307,934; 111,976;  -3,112;   0,924;  -1,648;
-391,976;  -0,395;-310,221; 112,613;  -1,917;   0,785;  -1,714;
-389,814;  -0,438;-312,485; 113,188;  -1,561;  -1,115;  -1,134;
-387,630;  -0,491;-314,796; 113,579;  -2,901;   0,175;  -1,156;
-385,500;  -0,541;-317,093; 113,819;  -4,273;   0,756;   0,009;
-383,341;  -0,589;-319,486; 113,260;  -5,337;  -0,299;   2,164;
-381,258;  -0,638;-321,876; 112,302;  -7,071;  -0,173;   3,998;
-379,272;  -0,689;-324,261; 110,802;  -8,818;   0,129;   4,631;
-377,326;  -0,740;-326,739; 109,050;  -9,619;   0,008;   4,771;
-375,551;  -0,788;-329,154; 107,310; -10,097;   0,094;   4,661;
-373,847;  -0,834;-331,645; 105,487; -10,354;  -0,176;   4,758;
-372,291;  -0,879;-334,105; 103,895; -10,921;  -0,534;   2,872;
-370,818;  -0,928;-336,642; 102,936; -11,538;  -0,427;   2,303;
-369,495;  -0,977;-339,152; 102,034; -11,923;  -0,230;   2,214;
-368,265;  -1,027;-341,744; 101,194; -11,382;  -0,798;   1,851;
-367,162;  -1,081;-344,341; 100,421; -11,479;  -0,465;   2,171;
-366,170;  -1,135;-346,977;  99,539; -11,858;   0,665;   2,373;
-365,311;  -1,179;-349,587;  98,660; -10,443;   0,250;   2,136;
-364,549;  -1,219;-352,239;  97,879;  -8,225;  -0,724;   1,968;
-363,877;  -1,263;-354,882;  97,142;  -7,272;  -0,389;   2,047;
-363,280;  -1,310;-357,534;  96,360;  -7,550;   0,080;   2,135;
-362,767;  -1,357;-360,155;  95,629;  -7,877;  -0,195;   1,953;
-362,335;  -1,402;-362,796;  94,848;  -9,735;   1,021;   2,321;
-362,010;  -1,436;-365,381;  93,973; -11,635;   2,046;   2,562;
-361,796;  -1,451;-367,996;  93,126; -11,686;   1,462;   2,418;
-361,700;  -1,451;-370,575;  92,304; -11,342;   0,595;   2,469;
-361,720;  -1,443;-373,157;  91,442; -11,551;   0,298;   2,225;
-361,862;  -1,430;-375,738;  90,552; -11,605;   0,447;   2,160;
-362,114;  -1,416;-378,208;  89,715; -12,723;  -0,152;   3,293;
-362,489;  -1,405;-380,703;  88,832; -11,455;  -1,326;   2,539;
-362,981;  -1,399;-383,147;  87,997; -13,280;   0,505;   1,564;
-363,587;  -1,392;-385,498;  87,457; -12,644;  -0,946;   0,666;
-364,317;  -1,384;-387,818;  87,392; -12,159;  -0,249;   0,256;
-365,163;  -1,381;-390,102;  87,625; -12,162;  -0,338;  -1,839;
-366,134;  -1,380;-392,372;  88,168; -11,007;   0,377;  -1,962;
-367,222;  -1,373;-394,626;  89,132;  -8,672;   1,547;  -3,743;
-368,377;  -1,353;-396,828;  90,396;  -4,985;   0,674;  -3,502;
-369,646;  -1,329;-399,124;  91,653;  -4,724;  -0,517;  -3,249;
-370,929;  -1,309;-401,345;  92,791;  -5,838;  -0,287;  -3,017;
-372,292;  -1,294;-403,583;  93,984;  -6,677;  -0,263;  -3,442;
-373,695;  -1,283;-405,760;  95,287;  -6,764;  -0,423;  -4,001;
-375,242;  -1,276;-408,031;  96,811;  -6,393;   0,557;  -4,278;
-376,810;  -1,266;-410,219;  98,380;  -4,777;  -0,828;  -4,535;
-378,474;  -1,266;-412,457;  99,987;  -3,745;  -2,394;  -3,998;
-380,204;  -1,286;-414,714; 101,397;  -6,563;   1,094;  -4,029;
-381,975;  -1,299;-416,918; 102,779;  -8,008;   1,151;  -3,845;
-383,832;  -1,302;-419,104; 104,240;  -7,676;  -0,325;  -3,989;
-385,813;  -1,306;-421,311; 105,587;  -8,961;   1,065;  -3,561;
-387,864;  -1,301;-423,459; 106,930;  -8,738;  -0,497;  -3,959;
-389,975;  -1,301;-425,547; 108,321;  -7,594;  -2,055;  -3,571;
-392,195;  -1,318;-427,629; 109,516; -10,542;   0,839;  -3,157;
-394,536;  -1,330;-429,679; 110,741; -11,086;   0,835;  -3,626;
-396,939;  -1,332;-431,637; 112,051;  -9,279;  -0,871;  -3,671;
-399,429;  -1,342;-433,543; 113,293;  -9,115;  -0,800;  -3,340;
-402,041;  -1,359;-435,420; 114,457; -10,085;   0,100;  -3,185;
-404,700;  -1,376;-437,206; 115,347; -10,347;  -0,218;  -1,495;
-407,435;  -1,394;-438,918; 115,376;  -9,667;  -0,505;   1,151;
-410,187;  -1,416;-440,524; 114,867;  -9,596;  -0,371;   0,873;
-413,068;  -1,442;-442,093; 115,424; -10,392;  -0,408;   1,129;
-415,899;  -1,470;-443,525; 114,797;  -9,371;  -0,430;   1,739;
-418,796;  -1,502;-444,884; 114,103;  -8,740;   0,025;   1,766;
-421,822;  -1,536;-446,197; 113,383;  -9,422;  -0,016;   1,937;
-424,609;  -1,567;-447,309; 112,823; -10,390;   0,405;   0,994;
-427,558;  -1,598;-448,377; 112,488; -10,556;   0,128;   0,612;
-430,626;  -1,628;-449,368; 112,279; -10,469;  -0,762;   0,297;
-433,658;  -1,662;-450,231; 112,278; -11,503;  -0,047;  -0,241;
-436,738;  -1,695;-450,984; 112,492; -11,856;   0,270;  -0,771;
-439,760;  -1,724;-451,604; 112,433; -11,279;  -0,752;   1,353;
-442,896;  -1,756;-452,125; 111,670; -13,065;   0,725;   2,387;
-445,986;  -1,780;-452,505; 110,888; -14,228;   1,160;   1,427;
-449,057;  -1,792;-452,741; 110,657; -12,031;  -0,888;  -0,260;
-452,196;  -1,812;-452,859; 110,698; -11,114;  -1,622;  -0,130;
-455,306;  -1,845;-452,856; 110,555; -13,897;   0,933;   0,075;
-458,379;  -1,868;-452,716; 110,608; -14,195;   1,454;  -0,874;
-461,435;  -1,878;-452,440; 111,007; -11,491;  -0,392;  -1,623;
-464,514;  -1,890;-452,040; 111,483; -12,448;  -0,076;  -1,531;
-467,674;  -1,902;-451,499; 111,883; -13,658;   0,787;  -2,196;
-470,697;  -1,905;-450,852; 112,234; -12,627;   0,961;  -0,359;
-473,709;  -1,902;-450,079; 112,447; -12,245;  -0,095;   0,037;
-476,766;  -1,899;-449,161; 112,213; -13,735;   0,319;   0,673;
-479,692;  -1,892;-448,144; 111,836; -13,636;   0,620;   0,288;
-482,587;  -1,877;-446,998; 111,774; -11,992;  -0,680;  -0,381;
-485,444;  -1,865;-445,735; 111,943; -11,882;  -0,533;  -1,039;
-488,207;  -1,857;-444,384; 112,293; -12,289;  -0,063;  -1,355;
-491,002;  -1,846;-442,877; 112,577; -12,705;   0,208;  -0,926;
-493,657;  -1,831;-441,301; 112,805; -12,869;   0,294;  -0,999;
-496,455;  -1,810;-439,481; 113,282; -10,934;  -1,169;  -1,939;
-498,987;  -1,799;-437,697; 113,808; -11,585;  -0,760;  -1,552;
-501,496;  -1,792;-435,788; 114,283; -12,283;   0,001;  -1,823;
-503,999;  -1,784;-433,726; 114,908; -11,245;  -0,693;  -2,073;
-506,394;  -1,779;-431,604; 115,639;  -9,858;  -1,034;  -2,435;
-508,727;  -1,780;-429,397; 116,469; -11,189;  -0,250;  -2,763;
-511,009;  -1,783;-427,090; 117,466; -10,256;  -0,685;  -3,376;
-513,211;  -1,789;-424,717; 118,567;  -9,446;  -0,601;  -3,036;
-515,461;  -1,796;-422,149; 119,720;  -6,906;   0,567;  -3,466;
-517,622;  -1,797;-419,572; 120,949;  -4,040;  -0,486;  -3,301;
-519,829;  -1,802;-416,869; 122,123;  -4,650;  -0,233;  -3,049;
-521,874;  -1,808;-414,291; 123,152;  -6,439;   0,661;  -2,935;
-523,985;  -1,807;-411,527; 124,261;  -6,413;  -0,358;  -3,284;
-526,053;  -1,810;-408,712; 125,451;  -5,322;  -1,805;  -3,287;
-528,104;  -1,825;-405,825; 126,541;  -6,030;   0,497;  -2,937;
-530,125;  -1,835;-402,875; 127,644;  -5,269;   1,015;  -3,148;
-532,106;  -1,836;-399,892; 128,781;  -3,747;  -0,453;  -3,135;
-534,073;  -1,840;-396,855; 129,875;  -4,379;  -0,316;  -2,975;
-535,990;  -1,845;-393,815; 130,919;  -5,627;   0,337;  -2,830;
-537,951;  -1,848;-390,596; 131,989;  -6,467;   0,030;  -2,741;
-539,822;  -1,850;-387,399; 133,019;  -7,019;  -0,265;  -2,882;
-541,659;  -1,853;-384,122; 134,058;  -6,856;  -0,159;  -3,037;
-543,410;  -1,856;-380,857; 135,098;  -5,525;  -0,118;  -2,838;
-545,163;  -1,859;-377,471; 136,160;  -3,625;  -0,149;  -2,863;
-546,936;  -1,863;-373,966; 137,222;  -2,154;  -0,149;  -2,901;
-548,639;  -1,869;-370,547; 138,242;  -1,806;  -0,003;  -2,715;
-550,348;  -1,874;-367,076; 139,266;  -2,358;   0,088;  -2,721;
-552,043;  -1,878;-363,581; 140,244;  -2,805;   0,289;  -2,752;
-553,729;  -1,880;-360,040; 141,230;  -2,469;  -0,101;  -2,855;
-555,420;  -1,881;-356,428; 142,203;  -2,087;  -0,135;  -2,625;
-557,042;  -1,884;-352,919; 143,144;  -1,358;  -0,203;  -2,598;
-558,708;  -1,889;-349,282; 144,099;  -0,493;  -0,169;  -2,674;
-560,378;  -1,896;-345,623; 145,036;   0,322;   0,141;  -2,447;
-562,080;  -1,902;-341,903; 145,982;   0,791;   0,229;  -2,592;
-563,789;  -1,905;-338,183; 146,894;   0,711;   0,188;  -2,593;
-565,517;  -1,907;-334,440; 147,802;  -0,090;  -0,047;  -2,432;
-567,244;  -1,909;-330,695; 148,698;  -0,477;  -0,296;  -2,540;
-568,970;  -1,913;-326,940; 149,580;  -0,473;   0,004;  -2,438;
-570,782;  -1,918;-322,987; 150,492;  -0,090;   0,023;  -2,443;
-572,529;  -1,922;-319,172; 151,351;   0,056;   0,095;  -2,400;
-574,279;  -1,926;-315,350; 152,200;   0,207;   0,069;  -2,239;
-576,049;  -1,930;-311,491; 153,038;   0,226;  -0,012;  -2,277;
-577,867;  -1,934;-307,533; 153,885;   0,186;   0,115;  -2,232;
-579,689;  -1,938;-303,574; 154,719;   0,276;   0,049;  -2,290;
-581,469;  -1,941;-299,714; 155,030;   0,561;  -0,007;  -2,334;
-583,292;  -1,945;-295,771; 155,842;   0,320;   0,040;  -2,055;
-585,139;  -1,949;-291,786; 156,625;   0,587;   0,055;  -2,100;
-587,000;  -1,953;-287,785; 157,386;   0,127;   0,033;  -2,132;
-588,853;  -1,956;-283,803; 158,140;  -0,063;  -0,033;  -2,195;
-590,722;  -1,960;-279,785; 158,912;  -0,173;  -0,028;  -2,047;
-592,554;  -1,963;-275,841; 159,644;  -0,343;   0,006;  -2,075;
-594,486;  -1,967;-271,671; 160,405;  -1,274;   0,113;  -2,136;
-596,324;  -1,971;-267,675; 161,141;  -1,977;   0,040;  -2,087;
-598,250;  -1,974;-263,436; 161,898;  -1,437;   0,015;  -1,917;
-600,090;  -1,977;-259,358; 162,634;   0,024;  -0,131;  -2,168;
-601,945;  -1,980;-255,244; 163,362;   0,828;   0,003;  -1,906;
-603,819;  -1,983;-251,108; 164,088;   1,206;  -0,040;  -2,136;
-605,738;  -1,987;-246,904; 164,808;   1,284;  -0,018;  -1,996;
-607,652;  -1,991;-242,737; 165,527;   1,229;  -0,082;  -2,105;
-609,611;  -1,996;-238,506; 166,261;   1,243;  -0,076;  -2,010;
-611,600;  -2,002;-234,240; 166,970;   1,562;   0,003;  -1,867;
-613,592;  -2,008;-230,006; 167,690;   1,738;   0,084;  -2,042;
-615,607;  -2,012;-225,762; 168,389;   1,783;   0,128;  -1,959;
-617,649;  -2,016;-221,505; 169,088;   1,600;  -0,106;  -1,896;
-619,683;  -2,020;-217,303; 169,783;   1,292;  -0,043;  -1,900;
-621,748;  -2,024;-213,066; 170,474;   0,802;  -0,012;  -1,938;
-623,861;  -2,029;-208,748; 171,162;   0,088;   0,016;  -1,897;
-625,999;  -2,033;-204,381; 171,859;  -0,343;  -0,054;  -1,795;
-628,147;  -2,037;-199,989; 172,554;  -0,558;   0,013;  -1,886;
-630,223;  -2,042;-195,731; 173,210;  -0,320;  -0,071;  -1,966;
-632,329;  -2,047;-191,407; 173,880;   0,103;  -0,188;  -1,888;
-634,462;  -2,053;-187,026; 174,565;   0,390;  -0,317;  -1,963;
-636,650;  -2,062;-182,544; 175,230;   0,627;   0,438;  -1,685;
-638,776;  -2,067;-178,200; 175,846;   0,650;   0,757;  -1,817;
-640,959;  -2,065;-173,752; 176,524;   0,393;  -0,394;  -1,931;
-643,132;  -2,066;-169,335; 177,179;   0,209;  -0,636;  -1,738;
-645,356;  -2,073;-164,817; 177,829;   0,000;  -0,090;  -1,774;
-647,570;  -2,080;-160,321; 178,458;  -0,133;   0,101;  -1,647;
-649,810;  -2,087;-155,770; 179,104;  -0,188;   0,138;  -1,817;
-651,965;  -2,092;-151,389; 179,705;  -0,240;   0,267;  -1,647;
-654,200;  -2,095;-146,838; 180,339;  -0,255;   0,100;  -1,839;
-656,447;  -2,096;-142,256; 180,955;  -0,307;  -0,183;  -1,618;
-658,654;  -2,099;-137,748; 181,566;  -0,435;  -0,128;  -1,610;
-660,909;  -2,103;-133,132; 182,182;  -0,661;  -0,060;  -1,768;
-663,110;  -2,107;-128,611; 182,774;  -0,791;   0,135;  -1,520;
-665,402;  -2,110;-123,889; 183,383;  -0,223;  -0,038;  -1,785;
-667,643;  -2,112;-119,265; 183,967;   0,590;   0,051;  -1,451;
-669,851;  -2,114;-114,722; 184,549;   1,115;  -0,043;  -1,656;
-672,155;  -2,117;-110,008; 185,138;   1,361;  -0,043;  -1,641;
-674,424;  -2,119;-105,400; 185,711;   1,469;  -0,151;  -1,570;
-676,723;  -2,124;-100,760; 185,858;   1,377;  -0,040;   2,341;
-679,033;  -2,128; -96,131; 183,780;   1,318;   0,186;   7,832;
-681,287;  -2,131; -91,643; 180,439;   1,165;  -0,135;  10,108;
-683,566;  -2,134; -87,130; 176,178;   1,066;  -0,346;  12,512;
-685,755;  -2,139; -82,816; 171,535;   0,967;  -0,156;  12,592;
-687,852;  -2,143; -78,703; 167,023;   0,768;   0,248;  13,017;
-689,992;  -2,143; -74,523; 162,275;   0,500;  -0,141;  12,605;
-692,033;  -2,144; -70,545; 157,774;  -0,070;  -0,414;  12,657;
-694,037;  -2,147; -66,637; 153,098;  -0,360;  -0,036;  12,906;
-695,957;  -2,149; -62,886; 148,470;  -0,501;   0,018;  12,705;
-697,771;  -2,151; -59,330; 144,006;  -0,676;  -0,297;  12,644;
-699,583;  -2,153; -55,766; 139,340;  -0,731;  -0,204;  12,916;
-701,314;  -2,157; -52,343; 134,753;  -0,729;  -0,117;  12,826;
-702,991;  -2,159; -49,011; 130,056;  -0,760;  -0,150;  12,449;
-704,596;  -2,162; -45,809; 125,683;  -0,587;  -0,268;  12,344;
-706,113;  -2,165; -42,766; 121,169;  -0,681;  -0,337;  12,627;
-707,631;  -2,170; -39,707; 116,481;  -0,532;  -0,251;  12,767;
-709,038;  -2,175; -36,859; 111,953;  -0,651;  -0,320;  11,801;
-710,395;  -2,181; -34,099; 107,923;  -0,791;  -0,122;  10,905;
-711,681;  -2,187; -31,465; 104,131;  -0,529;  -0,002;  11,251;
-712,960;  -2,191; -28,830; 100,114;  -0,694;  -0,005;   9,983;
-714,139;  -2,194; -26,389;  97,312;  -0,871;  -0,017;   4,485;
-715,326;  -2,198; -23,909;  96,375;  -1,118;  -0,110;   2,157;
-716,461;  -2,202; -21,514;  95,651;  -1,421;   0,075;   1,872;
-717,589;  -2,205; -19,100;  95,474;  -1,802;   0,172;  -0,522;
-718,710;  -2,207; -16,656;  95,975;  -2,172;  -0,114;  -1,794;
-719,819;  -2,211; -14,187;  96,687;  -2,934;  -0,111;  -1,907;
-720,898;  -2,215; -11,709;  97,376;  -4,004;   0,112;  -1,880;
-721,942;  -2,218;  -9,212;  98,075;  -5,196;   0,090;  -1,871;
-722,965;  -2,221;  -6,627;  98,780;  -6,437;  -0,090;  -1,808;
-723,921;  -2,223;  -4,032;  99,435;  -8,050;   0,277;  -1,712;
-724,828;  -2,221;  -1,333; 100,069;  -8,800;  -0,082;  -1,597;
-725,615;  -2,219;   1,279; 100,531;  -8,693;  -1,298;  -0,989;
-726,336;  -2,225;   3,984; 100,517; -10,416;  -0,657;   1,181;
-726,949;  -2,234;   6,691;  99,828; -11,814;   0,237;   2,235;
-727,446;  -2,240;   9,399;  98,991; -10,888;  -1,239;   2,111;
-727,844;  -2,254;  12,211;  98,131; -11,626;  -0,938;   2,312;
-728,100;  -2,273;  14,806;  97,236; -12,935;   0,037;   2,352;
-728,241;  -2,288;  17,610;  96,208; -14,299;   1,023;   2,230;
-728,233;  -2,289;  20,268;  95,522; -14,589;   1,148;   0,657;
-728,081;  -2,275;  22,915;  95,358; -13,344;   0,333;  -0,286;
-727,790;  -2,252;  25,601;  95,365; -12,324;   0,146;  -0,286;
-727,389;  -2,224;  28,172;  95,493; -10,471;  -0,195;  -0,641;
-726,870;  -2,195;  30,824;  95,895;  -7,724;  -1,005;  -1,623;
-726,271;  -2,174;  33,460;  96,571;  -6,395;  -0,689;  -1,984;
-725,588;  -2,157;  36,155;  97,457;  -6,144;  -0,080;  -2,483;
-724,876;  -2,141;  38,719;  98,332;  -6,013;   0,548;  -2,567;
-724,078;  -2,119;  41,364;  99,311;  -5,859;   0,311;  -2,718;
-723,216;  -2,093;  44,021; 100,316;  -5,315;  -0,792;  -2,793;
-722,287;  -2,072;  46,698; 101,288;  -5,878;  -0,549;  -2,271;
-721,305;  -2,055;  49,348; 101,713;  -6,060;  -0,150;   0,749;
-720,280;  -2,039;  51,946; 101,049;  -4,575;  -0,388;   1,991;
-719,188;  -2,025;  54,585; 100,243;  -3,273;  -0,561;   2,252;
-718,085;  -2,016;  57,164;  99,416;  -2,022;  -0,112;   2,207;
-716,970;  -2,008;  59,715;  98,632;  -1,101;   0,205;   2,104;
-715,866;  -1,999;  62,214;  97,857;  -0,832;   0,065;   2,059;
-714,768;  -1,989;  64,681;  97,085;  -0,693;  -0,067;   2,099;
-713,651;  -1,978;  67,172;  96,290;  -0,411;   0,104;   2,109;
-712,561;  -1,967;  69,593;  95,513;  -0,235;   0,175;   2,022;
-711,461;  -1,954;  72,030;  94,743;  -0,194;   0,035;   2,034;
-710,373;  -1,940;  74,436;  93,963;  -0,171;  -0,056;   2,049;
-709,299;  -1,925;  76,807;  93,197;  -0,135;   0,099;   2,119;
-708,237;  -1,911;  79,145;  92,452;  -0,156;   0,118;   2,202;
-707,144;  -1,896;  81,545;  91,663;  -0,166;  -0,123;   2,095;
-706,119;  -1,883;  83,792;  90,935;  -0,269;  -0,207;   1,998;
-705,037;  -1,870;  86,158;  90,164;  -0,267;  -0,058;   1,988;
-703,987;  -1,858;  88,449;  89,418;  -0,132;  -0,044;   2,153;
-702,944;  -1,847;  90,720;  88,659;  -0,327;  -0,088;   2,091;
-701,922;  -1,836;  92,938;  87,917;  -0,573;   0,058;   2,081;
-700,901;  -1,826;  95,141;  87,185;  -0,518;  -0,048;   2,108;
-699,860;  -1,816;  97,375;  86,434;  -0,580;  -0,009;   2,020;
-698,844;  -1,806;  99,540;  85,706;  -0,482;  -0,065;   2,055;
-697,841;  -1,797; 101,667;  84,996;  -0,488;   0,023;   2,039;
-696,826;  -1,788; 103,805;  84,272;  -0,546;  -0,002;   1,963;
-695,795;  -1,777; 105,967;  83,513;  -0,475;   0,072;   2,009;
-694,770;  -1,766; 108,103;  82,770;  -0,539;   0,146;   1,975;
-693,792;  -1,754; 110,130;  82,065;  -0,547;   0,140;   1,944;
-692,790;  -1,739; 112,193;  81,345;  -0,504;   0,156;   2,003;
-691,797;  -1,723; 114,228;  80,602;  -0,510;   0,234;   2,067;
-690,803;  -1,705; 116,253;  79,879;  -0,491;   0,261;   2,079;
-689,810;  -1,684; 118,266;  79,135;  -0,421;   0,300;   2,024;
-688,860;  -1,661; 120,182;  78,429;  -0,458;   0,272;   2,089;
-687,877;  -1,636; 122,155;  77,685;  -0,430;   0,284;   2,148;
-686,905;  -1,609; 124,094;  76,962;  -0,412;   0,215;   2,065;
-685,926;  -1,579; 126,040;  76,217;  -0,382;   0,217;   2,111;
-684,977;  -1,548; 127,913;  75,491;  -0,408;   0,190;   1,922;
-684,409;  -1,529; 129,031;  75,054;  -0,367;   0,220;   2,055;
-684,409;  -1,529; 129,031;  75,054;  -0,367;   0,220;   2,055;
-684,409;  -1,529; 129,031;  75,054;  -0,367;   0,220;   2,055;
-684,409;  -1,529; 129,031;  75,054;  -0,367;   0,220;   2,055;
-684,409;  -1,529; 129,031;  75,054;  -0,367;   0,220;   2,055;
-684,409;  -1,529; 129,031;  75,054;  -0,367;   0,220;   2,055;
-684,409;  -1,529; 129,031;  75,054;  -0,367;   0,220;   2,055;
-684,409;  -1,529; 129,031;  75,054;  -0,367;   0,220;   2,055;
-684,409;  -1,529; 129,031;  75,054;  -0,367;   0,220;   2,055;
-684,409;  -1,529; 129,031;  75,054;  -0,367;   0,220;   2,055;
-684,409;  -1,529; 129,031;  75,054;  -0,367;   0,220;   2,055;
-684,409;  -1,529; 129,031;  75,054;  -0,367;   0,220;   2,055;
-684,409;  -1,529; 129,031;  75,054;  -0,367;   0,220;   2,055;
-684,409;  -1,529; 129,031;  75,054;  -0,367;   0,220;   2,055;
-684,409;  -1,529; 129,031;  75,054;  -0,367;   0,220;   2,055;
-684,409;  -1,529; 129,031;  75,054;  -0,367;   0,220;   2,055;
-684,409;  -1,529; 129,031;  75,054;  -0,367;   0,220;   2,055;
-684,409;  -1,529; 129,031;  75,054;  -0,367;   0,220;   2,055;
-684,409;  -1,529; 129,031;  75,054;  -0,367;   0,220;   2,055;
-684,409;  -1,529; 129,031;  75,054;  -0,367;   0,220;   2,055;
-684,409;  -1,529; 129,031;  75,054;  -0,367;   0,220;   2,055;
-684,409;  -1,529; 129,031;  75,054;  -0,367;   0,220;   2,055;
-684,409;  -1,529; 129,031;  75,054;  -0,367;   0,220;   2,055;
-684,409;  -1,529; 129,031;  75,054;  -0,367;   0,220;   2,055;
-684,409;  -1,529; 129,031;  75,054;  -0,367;   0,220;   2,055;
-684,409;  -1,529; 129,031;  75,054;  -0,367;   0,220;   2,055;
-684,409;  -1,529; 129,031;  75,054;  -0,367;   0,220;   2,055;
-684,409;  -1,529; 129,031;  75,054;  -0,367;   0,220;   2,055;
-684,409;  -1,529; 129,031;  75,054;  -0,367;   0,220;   2,055;
-684,409;  -1,529; 129,031;  75,054;  -0,367;   0,220;   2,055;
-684,409;  -1,529; 129,031;  75,054;  -0,367;   0,220;   2,055;
-684,409;  -1,529; 129,031;  75,054;  -0,367;   0,220;   2,055;
-684,409;  -1,529; 129,031;  75,054;  -0,367;   0,220;   2,055;
-684,409;  -1,529; 129,031;  75,054;  -0,367;   0,220;   2,055;
-684,409;  -1,529; 129,031;  75,054;  -0,367;   0,220;   2,055;
-684,409;  -1,529; 129,031;  75,054;  -0,367;   0,220;   2,055;
-684,409;  -1,529; 129,031;  75,054;  -0,367;   0,220;   2,055;
-684,409;  -1,529; 129,031;  75,054;  -0,367;   0,220;   2,055;
-684,409;  -1,529; 129,031;  75,054;  -0,367;   0,220;   2,055;
-684,409;  -1,529; 129,031;  75,054;  -0,367;   0,220;   2,055;
-684,409;  -1,529; 129,031;  75,054;  -0,367;   0,220;   2,055;
-684,409;  -1,529; 129,031;  75,054;  -0,367;   0,220;   2,055;
-684,409;  -1,529; 129,031;  75,054;  -0,367;   0,220;   2,055;
-684,409;  -1,529; 129,031;  75,054;  -0,367;   0,220;   2,055;
-684,409;  -1,529; 129,031;  75,054;  -0,367;   0,220;   2,055;
-684,409;  -1,529; 129,031;  75,054;  -0,367;   0,220;   2,055;
-684,409;  -1,529; 129,031;  75,054;  -0,367;   0,220;   2,055;
-684,409;  -1,529; 129,031;  75,054;  -0,367;   0,220;   2,055;
-684,409;  -1,529; 129,031;  75,054;  -0,367;   0,220;   2,055;
-684,409;  -1,529; 129,031;  75,054;  -0,367;   0,220;   2,055;
-684,409;  -1,529; 129,031;  75,054;  -0,367;   0,220;   2,055;
-684,409;  -1,529; 129,031;  75,054;  -0,367;   0,220;   2,055;
-684,409;  -1,529; 129,031;  75,054;  -0,367;   0,220;   2,055;
-684,409;  -1,529; 129,031;  75,054;  -0,367;   0,220;   2,055;
-684,409;  -1,529; 129,031;  75,054;  -0,367;   0,220;   2,055;
-684,409;  -1,529; 129,031;  75,054;  -0,367;   0,220;   2,055;
-684,409;  -1,529; 129,031;  75,054;  -0,367;   0,220;   2,055;
-684,409;  -1,529; 129,031;  75,054;  -0,367;   0,220;   2,055;
