time,speed,baro_pressure,amb_air_temp,accelerator_pos_d,accelerator_pos_e,
230303_131630,29.331291760345824,90.01150173533098,-82.58117389761036,-77.56542209882727,63.273326582217344,
230303_131631,29.362826721404165,90.01865504245853,-82.54678992653342,-77.53059289318642,63.30255778395736,
230303_131631,29.390031573599764,90.02593931115166,-82.51732409142528,-77.50077646045128,63.32791731438307,
230303_131632,29.417537411091924,90.03426348133085,-82.48770185023369,-77.4708286365249,63.35367986786986,
230303_131633,29.44715412004315,90.04422399241757,-82.45598266815618,-77.43878891705542,63.381546851585696,
230303_131633,29.480101536104687,90.05643200961161,-82.42089567762008,-77.40337928175836,63.4126916461931,
230303_131634,29.509548227167848,90.06828028483396,-82.38970244837775,-77.37192590986847,63.44064692407992,
230303_131634,29.540890146052632,90.0818030398987,-82.35666283703702,-77.33863686723261,63.47051781872719,
230303_131635,29.57633130111086,90.09816264989827,-82.31949077589653,-77.30121491073203,63.5044319334795,
230303_131635,29.60878860473648,90.11408679318703,-82.28561483114605,-77.2671384661317,63.53561097770954,
230303_131636,29.641560453344972,90.13103482175846,-82.25156434701758,-77.23291171840427,63.56720316359388,
230303_131636,29.676299018605423,90.14991324028915,-82.21563185415708,-77.19681987971884,63.600807879821744,
230303_131637,29.713143467226764,90.17092272023906,-82.17769555371055,-77.15874427761753,63.63657567177671,
230303_131637,29.74595210198448,90.19045613032286,-82.14406056694828,-77.1250101073048,63.668530908512025,
230303_131638,29.77887711901779,90.21081720423321,-82.11044034726208,-77.09131315431249,63.70069633292887,
230303_131639,29.81896957111525,90.23660968287545,-82.06967799438486,-77.05048745846297,63.73999132671632,
230303_131639,29.85557315911283,90.26109402744183,-82.03262831753334,-77.01340814033803,63.77598640066551,
230303_131640,29.889347146471724,90.28446373512533,-81.99858030768509,-76.97935620619145,63.809298223692444,
230303_131640,29.92334897009666,90.30873527118372,-81.96443419903039,-76.9452285511133,63.84292974317156,
230303_131641,29.96317714091344,90.33810593154566,-81.92460319723754,-76.90544748267422,63.88244419031581,
230303_131641,29.9976924524891,90.36437401745559,-81.89022960932327,-76.8711416857589,63.91679167353866,
230303_131642,30.032645116209874,90.39174472764547,-81.85555652772287,-76.83656044351717,63.951672669178706,
230303_131642,30.068517871525444,90.42064270191885,-81.82011336694683,-76.80123582842491,63.98764148479474,
230303_131643,30.10711448799706,90.4526528038175,-81.78214124447648,-76.76341888649935,64.02632026327159,
230303_131643,30.141378014005298,90.48187415907496,-81.74857440998424,-76.7300140578956,64.06081862170208,
230303_131644,30.175148583620082,90.51142582379376,-81.71562323664065,-76.69724513253493,64.09491650272257,
230303_131645,30.216878285977614,90.54899053544672,-81.67509137659988,-76.65697004924697,64.13718444457149,
230303_131645,30.252759935287862,90.5822388033989,-81.64040729558548,-76.62253529827547,64.17364990385735,
230303_131646,30.285187359604787,90.61306104372147,-81.60919913217687,-76.59157578541885,64.20670380907914,
230303_131646,30.31935780216232,90.6463598998908,-81.57645841418663,-76.55912178029392,64.24163907777321,
230303_131647,30.35435020797024,90.6813618027853,-81.54308962147809,-76.5260737273313,64.27752986626194,
230303_131647,30.386956323315278,90.7148351486028,-81.512143313668,-76.4954520517952,64.31108650601641,
230303_131648,30.419184829397622,90.74875695900504,-81.48171285521506,-76.46536782951527,64.34435358818887,
230303_131648,30.451920129705325,90.78411812982722,-81.45095912489995,-76.43499293769749,64.37826337559763,
230303_131649,30.483826423516884,90.81950482622541,-81.42114707219228,-76.40557787083745,64.41143195525416,
230303_131649,30.51805973016125,90.85854546957175,-81.38935043918343,-76.37423948326288,64.44715661250007,
230303_131650,30.550762451858144,90.89694917027734,-81.35917145805824,-76.3445316345981,64.48142550237917,
230303_131651,30.583450853713142,90.9365024818433,-81.32921191653233,-76.31507813588144,64.51582827828254,
230303_131651,30.615799987974448,90.97689141371562,-81.2997836379326,-76.2861881643849,64.5500330599167,
230303_131652,30.642174702135804,91.01082011761096,-81.27596696785298,-76.2628404607038,64.57804823351557,
230303_131652,30.66809086484394,91.04511319253498,-81.25273308797763,-76.24009613245276,64.60569814316094,
230303_131653,30.697621041955706,91.0854557897117,-81.22648331798902,-76.21444231658766,64.63736560268381,
230303_131653,30.721670097207532,91.11941471364008,-81.20530101857439,-76.19377861981707,64.66329622273142,
230303_131654,30.744597806503922,91.15281940943683,-81.18528837698463,-76.17429136747027,64.68814911794713,
230303_131654,30.768600400555467,91.18899531387123,-81.16455057442381,-76.15413987701014,64.71432099938242,
230303_131655,30.795691786975635,91.23151752704214,-81.14144307089003,-76.1317450449134,64.7440766897865,
230303_131656,30.81621969641666,91.26511736538114,-81.12417778409382,-76.11506130253196,64.7667994990154,
230303_131656,30.837568131031833,91.30153779431976,-81.10648359735528,-76.09801638868008,64.790619189619,
230303_131657,30.856867372037406,91.33598483174369,-81.09075703357246,-76.0829226131646,64.81234681640615,
230303_131657,30.875329856016318,91.37055458196062,-81.07599807698361,-76.06881766762005,64.83333870695412,
230303_131658,30.89179105711706,91.40298576333052,-81.06312337473891,-76.05657451486142,64.8522604725281,
230303_131658,30.90670309176164,91.43396466935869,-81.05174315346534,-76.04581457306762,64.86960573671469,
230303_131659,30.92238875778047,91.46860257232319,-81.04013529862938,-76.0349209537099,64.88811276940118,
230303_131659,30.935299236665227,91.49912804092571,-81.03093757220847,-76.02637178327181,64.90360276023354,
230303_131700,30.94704675333928,91.52898031731677,-81.02293549507003,-76.01902235368607,64.91796250289484,
230303_131701,30.959552757232878,91.56373238366184,-81.0149422716505,-76.01181340634494,64.93362880045383,
230303_131701,30.97028834576936,91.59712178977163,-81.00870949627497,-76.00636096890227,64.94753133591796,
230303_131702,30.978086949030704,91.62454886521753,-81.00474268891949,-76.00305652073034,64.9580354130037,
230303_131702,30.984742114684646,91.65135909738508,-81.00195942378217,-76.0009409970323,64.96743395632821,
230303_131703,30.99049916661549,91.6789480514737,-81.00032910479197,-76.00002067708355,64.97612540405783,
230303_131703,30.99473046037048,91.70440152034809,-81.00004602627706,-76.00041526764605,64.98317414005571,
230303_131704,30.997707755138833,91.72879669764077,-81.0009934251929,-76.00203474386866,64.98896171242805,
230303_131704,30.999533744867733,91.75374779487497,-81.0033406007337,-76.00509484901305,64.99378638259263,
230303_131705,30.999346383879637,91.79586955817258,-81.0109995498546,-76.0140258493211,64.9989948799211,
230303_131706,30.997439063836573,91.81685277781082,-81.01687090309375,-76.02056898109612,64.99995630756622,
230303_131707,30.994147709528512,91.83740893090746,-81.024220569665,-76.02860636215672,64.99962891979372,
230303_131707,30.988682147003495,91.85980043123223,-81.03435793958631,-76.03953234680385,64.99757911626992,
230303_131708,30.982873731492425,91.87702008325655,-81.04396850225729,-76.04978299710189,64.99456125963977,
230303_131708,30.97597176036131,91.89298940852375,-81.05459421590932,-76.06103407289568,64.99040179869995,
230303_131709,30.966462849849464,91.9102970851767,-81.06840356388686,-76.07556367542088,64.98407216718346,
230303_131709,30.95584426404854,91.92557880777221,-81.08310914809641,-76.09095177701887,64.97648745225865,
230303_131710,30.945083574404997,91.93814415755178,-81.09749512391123,-76.10594146217345,64.96842838873984,
230303_131710,30.933440062091297,91.94936087773867,-81.11264065283694,-76.12166859165993,64.95940440353402,
230303_131711,30.918425879707677,91.96111124185829,-81.13169088946627,-76.14138710318565,64.94742171463878,
230303_131712,30.903840595256888,91.97028814747434,-81.14980130477272,-76.16007933236733,64.93549566676603,
230303_131712,30.888291926659456,91.97817080428672,-81.16877193767681,-76.17961299473812,64.92253931136176,
230303_131713,30.8704863259591,91.98526072759083,-81.19015377038697,-76.20158126914659,64.90745505555236,
230303_131713,30.851603506144947,91.99094361446552,-81.21254399907491,-76.22453887507601,64.89119254877457,
230303_131714,30.83258599145171,91.99505640096177,-81.23473006148329,-76.24724640573301,64.87467129388506,
230303_131714,30.81281603959529,91.99790862948508,-81.25758327721609,-76.27059963176008,64.85728212885638,
230303_131715,30.78665464722835,91.99977768075892,-81.28748785777948,-76.30110849982235,64.83402801524635,
230303_131715,30.76398513118506,91.99989021859159,-81.31313449629506,-76.32723340650267,64.81368536884213,
230303_131716,30.740893632087907,91.99875600940267,-81.33903772867545,-76.35358622316782,64.79280463291761,
230303_131716,30.716080948794374,91.9962945402383,-81.3666520349461,-76.38164618797411,64.77020885805632,
230303_131717,30.686181365260513,91.9918117352358,-81.39965944044661,-76.41514498082684,64.74278708314749,
230303_131718,30.660956691430158,91.98687571038171,-81.4273019547546,-76.44316729593892,64.71950549244323,
230303_131718,30.634272973999817,91.98061567539496,-81.45635977124626,-76.47264923385816,64.69469928657571,
230303_131719,30.603360693699027,91.97214613723344,-81.48980713544753,-76.50643553241358,64.66590461353756,
230303_131719,30.573010023536177,91.96266626654189,-81.52244097491496,-76.53947879826876,64.63738866098669,
230303_131720,30.543458154214136,91.95239456330773,-81.55409492152235,-76.57138467961165,64.6095413126238,
230303_131720,30.511855680934055,91.9404171466965,-81.58763921205924,-76.60522922825801,64.57968381044405,
230303_131721,30.475554096048295,91.9254059427144,-81.62602233027229,-76.64392086134234,64.54516917132939,
230303_131722,30.445304513348866,91.91195575599342,-81.65783996863966,-76.67596723373293,64.51628842273607,
230303_131722,30.414428389855413,91.89739347708576,-81.69016924745567,-76.70850489039461,64.48670310272917,
230303_131723,30.380727086549545,91.88058441449091,-81.72529501680076,-76.74383057733452,64.45429400018347,
230303_131723,30.342177519489756,91.86024239747678,-81.76527687519713,-76.7840075509146,64.41708022736977,
230303_131724,30.30977167180006,91.84226132460266,-81.79873096947686,-76.81759914058304,64.38568484062118,
230303_131724,30.275642612940523,91.82248695057217,-81.83381604240603,-76.85280381785347,64.35251308973119,
230303_131725,30.234582648213507,91.79759694956131,-81.8758316779457,-76.89493023392266,64.31246447726386,
230303_131725,30.199842649859626,91.77562764762435,-81.91121932156663,-76.93038419869869,64.2784639294384,
230303_131726,30.164222883422845,91.7522574727854,-81.94735379387073,-76.96656124655797,64.2434945683246,
230303_131727,30.125166155681182,91.72566943382189,-81.98680468703297,-77.00602983512212,64.20502806539726,
230303_131727,30.08774416170092,91.69926491543171,-82.0244400279693,-77.04365415218766,64.16805297901448,
230303_131728,30.053239526845314,91.67412266693418,-82.05900061182149,-77.07818060151273,64.13385878049674,
230303_131728,30.017039102679544,91.64692993566436,-82.09511567343337,-77.11423531977121,64.09788003923903,
230303_131729,29.974266481711158,91.61372905944822,-82.13759802839853,-77.15661410865977,64.05523261408688,
230303_131729,29.938910133109644,91.58540832986384,-82.17255947462563,-77.19146357024545,64.01986785874482,
230303_131730,29.904410492755197,91.55700555298353,-82.20653794949182,-77.22530965857156,63.985261931593996,
230303_131730,29.869138850387916,91.52717615078458,-82.24113690557428,-77.25974942075656,63.94978066316582,
230303_131731,29.82820491485183,91.49154238651377,-82.28111058386268,-77.2995077861869,63.90847380843514,
230303_131732,29.793080875460728,91.46008121528862,-82.31525418471003,-77.33344000344849,63.87291677984074,
230303_131732,29.758863831959456,91.4286293487896,-82.3483741176393,-77.36632981897756,63.838175427912326,
230303_131733,29.72009369184594,91.3920096115961,-82.385727414121,-77.40339279143083,63.798685769934615,
230303_131733,29.68360864225452,91.35656491549871,-82.42070526559723,-77.43806782696726,63.76139810825947,
230303_131734,29.650401004666442,91.32344552807461,-82.45238931120738,-77.4694504073803,63.727350324125574,
230303_131734,29.613725785651248,91.28587813940264,-82.48720686007327,-77.50390521770936,63.689620920861465,
230303_131735,29.575178037247543,91.2452197296835,-82.52359471476443,-77.53987650076446,63.64981544161184,
230303_131736,29.543566065273367,91.21093207946141,-82.55326837813922,-77.5691801011867,63.61705143924123,
230303_131736,29.5129089988131,91.17682112897361,-82.58189380970447,-77.59742078621464,63.585167488684505,
230303_131737,29.47935161970773,91.13845512033997,-82.61304560179671,-77.6281204839521,63.55013593549098,
230303_131737,29.448011030954248,91.1015883547608,-82.64195649135016,-77.6565779783451,63.51728641480919,
230303_131738,29.419005951314386,91.0665129192333,-82.66854391392555,-77.68271701165685,63.48676281922856,
230303_131738,29.390575551638523,91.03117204054176,-82.69443474865727,-77.70813942746813,63.45672141037191,
230303_131739,29.356748770293304,90.98777478337523,-82.72500156997147,-77.73810832604667,63.42080569689556,
230303_131739,29.330897674124568,90.95352807331109,-82.748170080224,-77.76078732698521,63.393220144723124,
230303_131740,29.304692128022904,90.91775636757305,-82.77146967380797,-77.78355892517487,63.36512162924443,
230303_131741,29.278984102577898,90.88152316706119,-82.79412525033668,-77.80566218997187,63.337410972174006,
230303_131741,29.25169587688035,90.84167867167639,-82.81792868218139,-77.82883768938865,63.307820334378725,
230303_131742,29.22934745485965,90.80784954689769,-82.83721144936412,-77.84757014565953,63.283433436848256,
230303_131742,29.206469318218417,90.77194685579354,-82.85672640321569,-77.86648345751549,63.25830619155468,
230303_131743,29.180518230324765,90.72942078671004,-82.87854417013247,-77.88756455064757,63.22957399849516,
230303_131743,29.160882547319144,90.69575366084369,-82.89478896043539,-77.90320708035668,63.20764379420609,
230303_131744,29.14272308284719,90.66326655559556,-82.90957358140366,-77.91739404309405,63.187189857147395,
230303_131745,29.122505254189814,90.62527361172008,-82.92571164415337,-77.93281180110375,63.16418472037329,
230303_131745,29.10421951993479,90.58888904415747,-82.93994993355324,-77.94633774026961,63.14311990000927,
230303_131746,29.089468193464537,90.55779376101685,-82.95112790162206,-77.95688856376414,63.12590409515844,
230303_131746,29.075534347683462,90.52662339948729,-82.96136847110519,-77.96649893263071,63.109383874457,
230303_131747,29.060463284524957,90.49036253292921,-82.97199461185373,-77.97633277224463,63.09125051231957,
230303_131747,29.049091638092726,90.46066565543624,-82.97959926128527,-77.98328157546887,63.07724814041968,
230303_131748,29.038880965021455,90.43163691742201,-82.98600961175138,-77.98903187471996,63.06437360221381,
230303_131748,29.029218509186407,90.40123778212312,-82.99155795276552,-77.99386742324043,63.05181642275632,
230303_131749,29.019459686598832,90.36602413707134,-82.9963640192762,-77.99781776942228,63.03855814971665,
230303_131750,29.012934403942467,90.3381581432771,-82.9988138005799,-77.99956530390423,63.029141476611855,
230303_131750,29.007904819137654,90.31219168320624,-82.99990860953876,-77.99998372188108,63.02131039763817,
230303_131751,29.00422020938176,90.2879731059875,-82.99979201871547,-77.99921518762646,63.01491020720707,
230303_131751,29.00141150117069,90.26129530466385,-82.9982504734982,-77.99692931280151,63.00898265428453,
230303_131752,29.000121285463862,90.2365035673703,-82.99532580628554,-77.99328528879829,63.00465944551038,
230303_131752,29.000197043475634,90.2141083675732,-82.99128068380315,-77.9885643457018,63.00186878112838,
230303_131753,29.00200007520137,90.18801668780942,-82.98462942631326,-77.98108979786653,63.000157345967914,
230303_131753,29.004685410735686,90.16887615973631,-82.97820973587017,-77.97403760713757,63.00012550974835,
230303_131754,29.00852454398867,90.15054589853474,-82.97062899100402,-77.96582458629032,63.001233202092195,
230303_131755,29.014645833133567,90.12978308335906,-82.96003830759285,-77.95448058547665,63.00407974000136,
230303_131755,29.0220379315573,90.11124826281338,-82.94840494904162,-77.94213436502187,63.00835185139792,
230303_131756,29.029792420198053,90.09601707361162,-82.93694601025037,-77.93005443266469,63.013371086672784,
230303_131756,29.038599625852566,90.08198956208648,-82.92450984351329,-77.91701145828002,63.01948929523158,
230303_131757,29.051100624271026,90.06603517069286,-82.90755735452387,-77.89931677328445,63.02867853841855,
230303_131757,29.063057609061367,90.05379296899771,-82.89187615444568,-77.88301653255708,63.03785311794737,
230303_131758,29.075573266773198,90.04326907723687,-82.87586721356257,-77.8664285800632,63.04774871026492,
230303_131758,29.090253556163873,90.03319689836377,-82.85749112387488,-77.84744173346509,63.05964578746141,
230303_131759,29.108880809770707,90.02313486610716,-82.83465497570666,-77.82391245258617,63.075088503032546,
230303_131800,29.12476158283395,90.01645191207098,-82.81552101522664,-77.80424462393968,63.08849623021961,
230303_131800,29.1424534743702,90.0106676489194,-82.79449857489938,-77.78267743254625,63.10364503456925,
230303_131801,29.164680754197885,90.00544769805418,-82.76844886924748,-77.75600495762893,63.12293861554811,
230303_131801,29.185698093780065,90.00225980447375,-82.74412619908475,-77.73114604133822,63.14140507655857,
230303_131802,29.20714707991039,90.00048641544313,-82.71956567891979,-77.70608281859711,63.16043969491881,
230303_131802,29.231364583859452,90.0000287248527,-82.69210808490325,-77.67810413742036,63.182128379335545,
230303_131803,29.257540141489848,90.00113027925654,-82.66271270699401,-77.64819359838228,63.20577439506284,
230303_131804,29.282433139735218,90.00352443365509,-82.6349957073463,-77.62002721944108,63.22843369933507,
230303_131804,29.30670336503466,90.006981172577,-82.60817059775704,-77.59279777894773,63.2506693767126,
230303_131805,29.33262942083882,90.0117751914957,-82.57971008723055,-77.56393848759589,63.27456269526859,
230303_131805,29.361971517570918,90.01844221974625,-82.54771906407413,-77.53153353823039,63.30176266301635,
230303_131806,29.388474016315026,90.02549607560067,-82.51900646751112,-77.50247812018512,63.326462064511425,
230303_131806,29.415947290951205,90.03375729091603,-82.48940989294752,-77.4725547494445,63.35218735173254,
230303_131807,29.45213178657136,90.04599430722834,-82.45066866029723,-77.43342394798695,63.38624271582418,
230303_131807,29.48143924761876,90.05695154590519,-82.41947530225683,-77.40194653867263,63.41395922803893,
230303_131808,29.511264868882808,90.06899709244489,-82.387888617366,-77.3700976991281,63.44227993923603,
230303_131808,29.54470411024541,90.0835102288856,-82.35265316123785,-77.3345987074683,63.47416065534254,
230303_131809,29.58191911275204,90.10084131740018,-82.31364762701868,-77.29533535292983,63.5097916633491,
230303_131810,29.61457729757094,90.1170180049168,-82.27958924617378,-77.26107986731972,63.541183333747355,
230303_131810,29.647047761782733,90.13395532778387,-82.24587755467303,-77.2271979032356,63.57250352604627,
230303_131811,29.68897179404853,90.15702686429559,-82.2025636142994,-77.18370033483777,63.613095954798055,
230303_131811,29.722196422271335,90.17623605960546,-82.16840106131991,-77.14942010848421,63.645383364775796,
230303_131812,29.755359474394968,90.19619706521998,-82.13444102438008,-77.11536632240347,63.677711461675514,
230303_131812,29.789465381056086,90.21752334466333,-82.09965650113247,-77.08050940172477,63.71106051941518,
230303_131813,29.82574788580391,90.24107689550775,-82.06280524275782,-77.04360722039294,63.746648435501626,
230303_131813,29.859693302155716,90.26390517985955,-82.02846771719985,-77.00924586437792,63.78004508880254,
230303_131814,29.894500025845886,90.28809421965103,-81.9933971094445,-76.97417436553941,63.8143888855186,
230303_131815,29.935491722596897,90.31758263558308,-81.95227163453995,-76.93307798079836,63.85496318492663,
230303_131815,29.972621892561605,90.34521881620641,-81.9151839443627,-76.89604452306396,63.89183343476111,
230303_131816,30.006664043575533,90.37132558772726,-81.8813167200813,-76.86225014499297,63.92573543268075,
230303_131816,30.041344071277255,90.39867715887328,-81.846948455925,-76.82797885516452,63.96036916058892,
230303_131817,30.084747920414188,90.43398672257302,-81.80412536098214,-76.78530957306913,64.00385259188117,
230303_131817,30.11866608713226,90.46241941583153,-81.77080950400727,-76.7521391989911,64.03794016644,
230303_131818,30.153970958806664,90.49280614305582,-81.7362715168479,-76.71777647378526,64.07352241413493,
230303_131818,30.19232331239175,90.52674470696138,-81.69891645983965,-76.68057700638909,64.11236048948165,
230303_131819,30.2299331329437,90.56098454729191,-81.662454095466,-76.6444203895428,64.15043857328284,
230303_131820,30.26386132159805,90.59270680040271,-81.6296466553829,-76.61185774309162,64.18502047806412,
230303_131820,30.296544567255708,90.62403392634994,-81.59830039386985,-76.58076948805282,64.21830314137458,
230303_131821,30.33481703341549,90.6617087495325,-81.56169621868582,-76.5444978268718,64.25748058642338,
230303_131821,30.367272968804844,90.6945260191766,-81.53080853335956,-76.51391827067211,64.29081475543612,
230303_131822,30.399138285238635,90.72755358804284,-81.50062569390397,-76.48406223787298,64.32364542668522,
230303_131822,30.43175625824516,90.76222687196346,-81.46988297744264,-76.45368012063274,64.35736203411024,
230303_131823,30.47018876318548,90.80426499146697,-81.43386934528388,-76.41812701183667,64.39724012879485,
230303_131823,30.500253398636122,90.83809566309671,-81.40586406130575,-76.39051044666785,64.42855631840662,
230303_131824,30.53004358560345,90.87248849491259,-81.37826844421579,-76.36332622211607,64.45969778916304,
230303_131825,30.561945866306566,90.9103453490565,-81.34889762415186,-76.33442683841136,64.49317809794746,
230303_131825,30.59361228981185,90.94905067522579,-81.31994345326383,-76.30597458911879,64.52655490320714,
230303_131826,30.620690393845393,90.98311217995571,-81.29535512895289,-76.28184449498204,64.5552186557673,
230303_131826,30.647666397016152,91.01800512387025,-81.27102920976485,-76.25800397597023,64.58389686471371,
230303_131827,30.67849913168143,91.05917146555254,-81.2434525875738,-76.23102083075636,64.61683916622759,
230303_131827,30.703141180452505,91.09315874392958,-81.22160495437024,-76.20968022345382,64.64330591060893,
230303_131828,30.727251293152417,91.12744958466702,-81.20041233666352,-76.18901491328153,64.66933370743143,
230303_131828,30.75181264354526,91.1635571283292,-81.17903080210216,-76.1682059279261,64.69599862090104,
230303_131829,30.77887740864717,91.20490080632229,-81.15574502672888,-76.14559790047093,64.72557996864025,
230303_131829,30.79988892524218,91.23828399745751,-81.13789473343522,-76.12831249840427,64.7487094059436,
230303_131830,30.822510304585943,91.27568208278987,-81.11893440688117,-76.11000421279041,64.77379697719383,
230303_131831,30.842714889383664,91.31057210051776,-81.10226271683975,-76.09395968233673,64.79639413990343,
230303_131831,30.86280740616845,91.34692027598797,-81.08597551699722,-76.07834588922114,64.81907679694547,
230303_131832,30.880715220243474,91.38098237526663,-81.07175383376685,-76.06477455282197,64.83950579849535,
230303_131832,30.896844741366216,91.41329767752553,-81.05923358627659,-76.052889314435,64.85811493455076,
230303_131833,30.91348572331846,91.44865421625133,-81.0466728502176,-76.0410444376107,64.87757155731445,
230303_131833,30.92695327683291,91.47915986661249,-81.03684187521768,-76.03184975236645,64.89355927320892,
230303_131834,30.939432833187837,91.50937655150285,-81.02807669182452,-76.0237328556165,64.90862289084727,
230303_131834,30.952369544868592,91.54333346951783,-81.01945599242755,-76.01586346774612,64.92457446751695,
230303_131835,30.963278188162583,91.57486870603576,-81.01269977190064,-76.00982813843315,64.93839572538597,
230303_131836,30.971979523545624,91.60279446791773,-81.00780063550825,-76.00558746426927,64.94977410699497,
230303_131836,30.97955035185466,91.63011616503917,-81.00407268579603,-76.00252347262808,64.96006019244851,
230303_131837,30.98745418883192,91.66367071176575,-81.00107025736854,-76.00036567362892,64.97144092521218,
230303_131837,30.992324716571968,91.68914465689033,-81.00006817750521,-76.0000284889335,64.97906630401079,
230303_131838,30.9959696245152,91.71349439514731,-81.00025283855389,-76.00086987384225,64.98544758497033,
230303_131838,30.998556729842317,91.73830364426705,-81.00171453371738,-76.00302428579933,64.99093762423034,
230303_131839,30.99993435408019,91.76614845323316,-81.00508017451564,-76.00719936864374,64.99572904246669,
230303_131840,30.99961888959367,91.7906647598926,-81.00977128574182,-76.01263518024777,64.9985752068878,
230303_131840,30.998058976419337,91.81143362487465,-81.01520663278944,-76.01872847522645,64.99982551639803,
230303_131841,30.994659776178164,91.83474916042152,-81.02317145553076,-76.02746644576737,64.99974923758684,
230303_131841,30.99014004583429,91.85462489823566,-81.03179481826483,-76.03678286971434,64.9982276525429,
230303_131842,30.984605299120425,91.87234558847051,-81.04118459971598,-76.04682209073927,64.99551950488312,
230303_131842,30.97787785899188,91.88893637521066,-81.05172288484451,-76.05800079135422,64.99159609981305,
230303_131843,30.96928115864846,91.90559904017414,-81.06438699170523,-76.0713466309302,64.98600328862517,
230303_131843,30.960373020457567,91.91947523477003,-81.07691050930234,-76.08447450902607,64.97977512463142,
230303_131844,30.950134951976047,91.93255007045214,-81.0907957590173,-76.09896786446915,64.97225040718436,
230303_131844,30.937390482101588,91.94579067989689,-81.10754368335485,-76.11638138365055,64.96249612166868,
230303_131845,30.923839984831478,91.95717665108441,-81.12487488723515,-76.13433923121562,64.95178128605103,
230303_131846,30.910426956239377,91.9663822060657,-81.14166518438958,-76.15168764813443,64.94091157512288,
230303_131846,30.895608218571446,91.97467979141756,-81.15988402704423,-76.17046672158665,64.92866365551308,
230303_131847,30.877281550856353,91.98277324604986,-81.18203232493748,-76.19324258904228,64.9132395850303,
230303_131847,30.85979063419234,91.98868502295257,-81.20285012635607,-76.21460477067721,64.89828752493068,
230303_131848,30.841628376319964,91.99327877838728,-81.2241938273711,-76.23646722511836,64.88256435692871,
230303_131848,30.822059002104634,91.99674286652558,-81.24692846795928,-76.25971610450337,64.8654334186539,
230303_131849,30.783691881156688,91.99986711594937,-81.29085292721739,-76.30453832571014,64.83137890259769,
230303_131850,30.761963161342397,91.99983898048865,-81.3154111611466,-76.32955089576699,64.81186311780246,
230303_131850,30.736391680487728,91.99840071809791,-81.34406415286416,-76.35869624641909,64.78871656910417,
230303_131851,30.708248299706067,91.9952729090864,-81.37532581223626,-76.39045329753472,64.76304481088427,
230303_131851,30.683265473086582,91.99129284362974,-81.40286396884859,-76.41839496942671,64.7401024030745,
230303_131852,30.65572928208697,91.98573046768497,-81.43300880992481,-76.44894917611362,64.714665128591,
230303_131853,30.624783526077202,91.9781494687751,-81.46665109837433,-76.48301148065426,64.68590842312722,
230303_131853,30.597443724432708,91.97038538678734,-81.49618466854736,-76.51288401754772,64.660366461928,
230303_131854,30.569733190797056,91.9615777867544,-81.52595283801085,-76.5429674902331,64.63435838414047,
230303_131854,30.54046077991962,91.95132165810394,-81.55723051682838,-76.57454960717551,64.60676286531015,
230303_131855,30.505044488658275,91.93769817546547,-81.59485821875043,-76.612509044208,64.57322033901781,
230303_131855,30.475214911865073,91.92525976537034,-81.6263799304397,-76.6442811659964,64.54484591531742,
230303_131856,30.445277138520872,91.91194321172723,-81.65786869666653,-76.6759961434499,64.51626225190411,
230303_131856,30.41103246227054,91.8957422033573,-81.69371622592735,-76.71207329314794,64.48344280929633,
230303_131857,30.376566171379842,91.87844508410937,-81.7296204708099,-76.74817878676137,64.45028446793874,
230303_131857,30.343691329488127,91.86106297795413,-81.76371066854355,-76.78243433754078,64.4185443602098,
230303_131858,30.30167740123367,91.83764811919667,-81.80706553225258,-76.82596437629586,64.37782738139946,
230303_131859,30.259579439785906,91.81289064182762,-81.85027799936715,-76.86931335737938,64.33686357236786,
230303_131859,30.22630430912187,91.79243660140963,-81.88427758455724,-76.90339419669901,64.30437188326009,
230303_131900,30.192027696093195,91.77057283658398,-81.91916002218929,-76.93833642548084,64.27080095011345,
230303_131900,30.153200944198378,91.7448554652464,-81.95850487538134,-76.977720369306,64.23265210340321,
230303_131901,30.113663742118703,91.71764966665957,-81.99838968541805,-77.01761434132185,64.19367529776342,
230303_131902,30.078439376523978,91.69255978131163,-82.03377314631258,-77.05298032104433,64.15884147158772,
230303_131902,30.043249157782792,91.66670135640827,-82.06898212775991,-77.0881479682316,64.12394020671734,
230303_131903,30.005949900642626,91.63843366022796,-82.10614931019227,-77.12524546256222,64.08683750665931,
230303_131903,29.968906250807915,91.6094865494344,-82.14290740591659,-77.16190806120292,64.04987762885936,
230303_131904,29.934713673789982,91.58199413013052,-82.17669971079295,-77.1955889395813,64.01566366016985,
230303_131904,29.898526585705042,91.55208530648474,-82.21231950703644,-77.23106634228687,63.97935017845893,
230303_131905,29.856831821080934,91.51657812261239,-82.25317564361737,-77.27172691451634,63.93737624894292,
230303_131905,29.822867844298077,91.48681498477436,-82.28630806543914,-77.30467475885068,63.90307771086486,
230303_131906,29.789112384488696,91.45647440678758,-82.31910267767401,-77.33726302705188,63.86889271027002,
230303_131906,29.75541421569114,91.42541379342964,-82.35170522272347,-77.3696363784877,63.83466724566981,
230303_131907,29.722285499407576,91.39410822574125,-82.38362070869378,-77.40130335341571,63.80092189103463,
230303_131908,29.682309352239788,91.35528466419574,-82.42194771175456,-77.43929894703571,63.760067922056784,
230303_131908,29.64693640455454,91.3199417439523,-82.45568638002797,-77.47271456675257,63.72379190732531,
230303_131909,29.610661085407884,91.28269041978699,-82.49010775842433,-77.50677433245683,63.68646194289305,
230303_131909,29.576410486592895,91.24653892006289,-82.5224347265699,-77.53873041101879,63.651090561508724,
230303_131910,29.545615011789955,91.21318119620578,-82.5513497925923,-77.56728630664549,63.61917846911427,
230303_131910,29.51538539994212,91.17960905248408,-82.57958726961941,-77.59514629225882,63.58774715991903,
230303_131911,29.480416505210567,91.13968980314759,-82.61206009507603,-77.6271498416043,63.551249797381615,
230303_131911,29.450714986294738,91.10481032098275,-82.63946945168958,-77.65413128608036,63.52012581861792,
230303_131912,29.42132604919248,91.06935403005525,-82.66642345656702,-77.68063348765047,63.4892089181301,
230303_131913,29.39171900820632,91.03261273026995,-82.69339685416287,-77.70712095331987,63.45793211215467,
230303_131913,29.360299149403964,90.9924026181385,-82.72180624925252,-77.73497795844462,63.42458463739083,
230303_131914,29.332683452193262,90.9559259243918,-82.74657530212177,-77.7592273307875,63.395129827354054,
230303_131914,29.306008492108095,90.91958024595247,-82.77030405329783,-77.78242063949092,63.366536526067485,
230303_131915,29.275253901207332,90.87616443429425,-82.79739463697378,-77.80884837687516,63.333377244351055,
230303_131915,29.248628562218265,90.83710277151548,-82.82058711620014,-77.83142261482756,63.30448180183967,
230303_131916,29.22504828437164,90.80120605711349,-82.84089687212038,-77.85114561731397,63.27872479486692,
230303_131917,29.201484001178855,90.76393499904555,-82.86094556228515,-77.87056584276863,63.2528067192237,
230303_131917,29.178261740451635,90.72562173139514,-82.88042335019897,-77.88937662435808,63.22706274106627,
230303_131918,29.15898082793734,90.69241611301172,-82.89634867802054,-77.90470614798872,63.2055100373086,
230303_131918,29.140193477072987,90.65862527255753,-82.91161259181213,-77.91934631237557,63.18432584523007,
230303_131919,29.122089551955955,90.6244694794767,-82.92603939792814,-77.93312405929453,63.16370878611661,
230303_131919,29.106450608740804,90.59344683482274,-82.93823361483835,-77.94471190745769,63.145705188850016,
230303_131920,29.091273506557346,90.56169572490745,-82.94977695549775,-77.9556172687754,63.12802333375328,
230303_131920,29.076593790441414,90.52906471804764,-82.96060245500402,-77.9657678884342,63.11067580323181,
230303_131921,29.061694496951116,90.49344406536667,-82.97114760484038,-77.97555274695635,63.092749480277966,
230303_131921,29.050534656329898,90.46457023432028,-82.97865833351062,-77.98242797129073,63.07904236801572,
230303_131922,29.040147487843708,90.43538690587808,-82.9852408761111,-77.98834950585855,63.06598960172628,
230303_131923,29.03016592988935,90.40437970378999,-82.9910424347917,-77.99342664994177,63.053068256858076,
230303_131923,29.021193510826087,90.37273352016358,-82.99559024073825,-77.99720966458972,63.040971545096625,
230303_131924,29.01453103541818,90.34543910305274,-82.9982961665385,-77.9992334254619,63.03150463455694,
230303_131924,29.00924387906416,90.31967196222334,-82.99971738684741,-77.9999896510618,63.02346770450297,
230303_131925,29.004507024599725,90.29013485757129,-82.99984998571367,-77.99933222845249,63.01544370843315,
230303_131926,29.000882229025855,90.2538395055458,-82.99753060114745,-77.99599606237844,63.00755565935827,
230303_131926,29.0000322153117,90.23160821974473,-82.99456159703949,-77.99237557637672,63.003954104163576,
230303_131927,29.00049522049158,90.20697581455104,-82.98968257102543,-77.98674525530132,63.00122608857084,
230303_131927,29.002348648555127,90.18493867617151,-82.9836911878514,-77.98005159332631,63.00007746076508,
230303_131928,29.005341930846296,90.16524173319925,-82.97682500475226,-77.97252970459876,63.000251132897866,
230303_131928,29.009482427042865,90.14679125549546,-82.96888233366863,-77.96394482560943,63.00161410023877,
230303_131929,29.016370509307045,90.12497990069173,-82.95723944341441,-77.95150098740322,63.00501536866764,
230303_131929,29.02302687323515,90.10911033238932,-82.9469090133665,-77.94055335319106,63.008967010302904,
230303_131930,29.03092547109997,90.09404555228843,-82.93531659174751,-77.92834192416596,63.01413689278373,
230303_131931,29.041126441020086,90.07844200081217,-82.92102619157536,-77.91336807112187,63.02130551824424,
230303_131931,29.05295210986218,90.06397249897879,-82.90509966241675,-77.89675819716305,63.0300778604645,
230303_131932,29.06453688425005,90.05243948013609,-82.88996461116457,-77.88103325309429,63.03900872402153,
230303_131932,29.077401186374477,90.04189326011279,-82.87355759132825,-77.86403924591541,63.04921455081948,
230303_131933,29.094248963591628,90.03080707984265,-82.85255198906786,-77.84234695444327,63.06292857755058,
230303_131933,29.109914741013856,90.02265119602903,-82.83340065561143,-77.822621912273,63.07595522458836,
230303_131934,29.12582594217936,90.01605756115445,-82.81424809802041,-77.8029375383977,63.089401671157496,
230303_131934,29.143355315145087,90.0104141446786,-82.79343426947038,-77.78158660327348,63.10442251990861,
230303_131935,29.164891646340145,90.00540779487739,-82.76820340218156,-77.7557538712964,63.12312290859349,
230303_131936,29.184593805989415,90.00238961481021,-82.74539749113076,-77.73244437406868,63.14043000609905,
230303_131936,29.20556624497956,90.0005708247043,-82.72136764621769,-77.7079204422343,63.159030902254536,
230303_131937,29.23069249885453,90.00002130905176,-82.6928665319053,-77.67887643998075,63.18152390647379,
230303_131937,29.255095747868193,90.00096316343621,-82.66544641296083,-77.65097347801888,63.20355802873545,
230303_131938,29.27859733950829,90.00307633942492,-82.6392526623034,-77.62435104788435,63.22493198727328,
230303_131938,29.302566556281768,90.00631863402384,-82.61272991377714,-77.59742379423564,63.24686999827437,
230303_131939,29.333685838877752,90.01199309490357,-82.57855438547259,-77.56276721625606,63.27553916396297,
230303_131939,29.359680530248323,90.01787710188577,-82.55020900925051,-77.53405444903622,63.299633230894266,
230303_131940,29.38732611927552,90.02517140946256,-82.52024669262508,-77.5037326167171,63.32538983107934,
230303_131940,29.41643369237314,90.03391181182839,-82.48888736010139,-77.47202667950614,63.352643860037375,
230303_131941,29.449110511216812,90.04491656613055,-82.45389351420344,-77.43667963141007,63.3833920785546,
230303_131942,29.478159249084374,90.05568092268898,-82.42295854149069,-77.40546022011164,63.41085161494319,
230303_131942,29.507196047050833,90.06730268408096,-82.39218862880584,-77.37443193189412,63.438409899192784,
230303_131943,29.543667286630836,90.08304483411672,-82.35374295590046,-77.33569619619061,63.47317019057587,
230303_131943,29.57629945304223,90.09814745877155,-82.31952409272958,-77.30124843737103,63.50440139509062,
230303_131944,29.60857746018317,90.11398039000585,-82.28583470725604,-77.26735956190045,63.53540778969654,
230303_131944,29.64101333136529,90.13074491088707,-82.25213156995386,-77.23348168875258,63.56667484657278,
230303_131945,29.676539040743297,90.15004686078493,-82.21538415998317,-77.19657118042731,63.60104046020641,
230303_131945,29.711878381459695,90.17018491324148,-82.17899523924628,-77.16004825164539,63.63534544300972,
230303_131946,29.744524576039122,90.18959036571376,-82.14552126155246,-77.12647462634953,63.66713849144468,
230303_131946,29.78041560027619,90.21178686687372,-82.10887260879306,-77.08974238060289,63.70220165032336,
230303_131947,29.81807958342831,90.23602541243889,-82.0705807663159,-77.05139128367271,63.73911755947413,
230303_131948,29.852006782971188,90.258669663505,-82.0362313134273,-77.01701285659107,63.77247434959721,
230303_131948,29.886279495294016,90.28231054681936,-82.00166744754142,-76.9824427828792,63.80626865129139,
230303_131949,29.926179408669093,90.31078914660014,-81.96159765746422,-76.94239455190807,63.84573362373726,
230303_131949,29.963338582284027,90.33822703797969,-81.92444210760479,-76.9052866423879,63.882604622156045,
230303_131950,29.997739397988813,90.36441027154694,-81.89018293270477,-76.87109511688686,63.91683847130282,
230303_131950,30.03181646823576,90.39108686258784,-81.85637696151099,-76.83737843000647,63.95084457587521,
230303_131951,30.073583369173473,90.4247893741529,-81.81512021155997,-76.79626141611902,63.9926529060871,
230303_131951,30.10878629361273,90.45406094505006,-81.78050031278386,-76.76178532760085,64.02800127548961,
230303_131952,30.143456089361855,90.48367099093866,-81.74654293157631,-76.727993129391,64.06291409078598,
230303_131953,30.18087558835373,90.51651210913572,-81.71004842154515,-76.69170347715476,64.10070854030332,
230303_131953,30.216798650002925,90.54891772800681,-81.67516852865339,-76.65704667755986,64.13710363848905,
230303_131954,30.250207563359183,90.57984426632554,-81.64286928403536,-76.62497866371588,64.17105222700287,
230303_131954,30.283714463625937,90.61164481302177,-81.61061376264368,-76.59297863290914,64.20520039789287,
230303_131955,30.322093912245276,90.64906340964345,-81.57384337781451,-76.55653080719526,64.24444117829677,
230303_131955,30.357944617358914,90.6850102739205,-81.53967139053374,-76.52269004256469,64.28122331959852,
230303_131956,30.390010611535246,90.71800925627002,-81.50925663818087,-76.49259704503343,64.31423053273399,
230303_131956,30.422567246950468,90.75236784816482,-81.47852761008349,-76.46222043959054,64.3478519040092,
230303_131957,30.46000694187761,90.79299902095919,-81.44338755328302,-76.42751933361713,64.38665887265395,
230303_131958,30.49029932926838,90.82679947646794,-81.415119462353,-76.39963428042132,64.41817572263663,
230303_131958,30.520337766853938,90.861184604577,-81.38724184857197,-76.37216262690359,64.44953913676149,
230303_131959,30.55504616211461,90.90206413634236,-81.3552332826101,-76.34065771638079,64.4859251376371,
230303_131959,30.589458443469084,90.94390617846132,-81.32372962807055,-76.30969289731641,64.52216809120539,
230303_132000,30.61683813099178,90.97820936427365,-81.29884308401728,-76.28526554191619,64.55113353622916,
230303_132000,30.645650695872835,91.01536293145932,-81.27284070430035,-76.25977814883709,64.58174952389939,
230303_132001,30.678287572194296,91.05888401363933,-81.24364091349989,-76.23120493456832,64.61661250689303,
230303_132002,30.703933864306897,91.09426925752679,-81.22090521401799,-76.20899731106374,64.64415947657822,
230303_132002,30.72782791833746,91.12828316659925,-81.19990785977419,-76.1885234534504,64.66995792746634,
230303_132003,30.753353349044755,91.16586488835983,-81.17769712805973,-76.16690945747598,64.69767674251726,
230303_132003,30.777042901480723,91.20204214833294,-81.15731343225255,-76.14711867196799,64.7235676968619,
230303_132004,30.798700663477803,91.23636314587073,-81.13889840339463,-76.12928323031332,64.74739715556163,
230303_132004,30.819228135438223,91.27015326872478,-81.12166723623177,-76.11263935240537,64.77014387893692,
230303_132005,30.842680678924072,91.31051169955981,-81.10229071768215,-76.09398658111925,64.79635570016795,
230303_132005,30.86061939898851,91.3428726119225,-81.08773332568286,-76.08002767231089,64.81659530293395,
230303_132006,30.877491298371798,91.37471972373116,-81.07429108034223,-76.06719078932862,64.83581132496333,
230303_132006,30.89554170299786,91.41062147120817,-81.06023345073535,-76.05383590941612,64.85660319878009,
230303_132007,30.91192830478117,91.44524459625002,-81.04783061762384,-76.04213217509283,64.87573778127059,
230303_132008,30.92545377435004,91.47566513669955,-81.03791911706766,-76.03285318910146,64.89176664621493,
230303_132008,30.938189132142124,91.50626588891849,-81.0289326663672,-76.0245212331008,64.9071089897782,
230303_132009,30.951910469935232,91.54207198085335,-81.01975192163957,-76.01613103505913,64.92400119633095,
230303_132009,30.96225678522171,91.57177293659919,-81.01330707826719,-76.01036364142529,64.93708335072021,
230303_132010,30.971164229380886,91.60004305805083,-81.00823583568943,-76.0059569085211,64.94869076452645,
230303_132010,30.97928507559864,91.6290950881643,-81.00419204031901,-76.00261764343989,64.95969163871841,
230303_132011,30.9865617317994,91.65955251077231,-81.0013393483111,-76.00052925992684,64.97012311178648,
230303_132011,30.99152116657852,91.68453890521234,-81.00016225107976,-76.00000073372131,64.97775681005857,
230303_132012,30.995366728647916,91.70893336478174,-81.00012798953247,-76.00062033912388,64.98432398517751,
230303_132013,30.998370901549766,91.7360363991288,-81.00152375319799,-76.0027691399443,64.99048134361519,
230303_132013,30.999827705053878,91.76156298239077,-81.00439002244167,-76.00637339969744,64.99504794807702,
230303_132014,30.999877434505187,91.78329060622805,-81.008175259947,-76.01081173095498,64.99786608456976,
230303_132014,30.998750151531876,91.80417545645174,-81.01314204771947,-76.01643089582257,64.99951969649435,
230303_132015,30.996061978639517,91.82661222907922,-81.0201477232433,-76.02416836835995,64.99996974262876,
230303_132015,30.992290185026867,91.84609000976421,-81.02786451044284,-76.03255074037152,64.99906162360602,
230303_132016,30.98730670887202,91.8643143273853,-81.0367108618228,-76.0420691135337,64.99691494179028,
230303_132016,30.979500826533382,91.88528791504227,-81.04924315734476,-76.05537722508912,64.99258779072176,
230303_132017,30.971223411661246,91.90216678923451,-81.06158454928574,-76.06840017032187,64.98730929552315,
230303_132018,30.962272466314023,91.91674186726478,-81.07428002112945,-76.08172194608349,64.98113190191111,
230303_132018,30.95197275037483,91.93038635879739,-81.08833568180557,-76.09640414829674,64.97362453734361,
230303_132019,30.939856570502975,91.94344449884814,-81.10434109590337,-76.11305650237628,64.9644111582204,
230303_132019,30.92654508771658,91.95508864819224,-81.12144774529115,-76.1307925610799,64.95394391532102,
230303_132020,30.912667924640253,91.96496661299535,-81.138881605388,-76.1488145073013,64.94274324735287,
230303_132020,30.89753511590814,91.97369773142886,-81.15753214643772,-76.16804490229228,64.93026863418393,
230303_132021,30.878503466893566,91.98229844909713,-81.18056707439455,-76.19173744766633,64.91427624144089,
230303_132021,30.861631693763545,91.9881360831395,-81.20067184842024,-76.21237139973013,64.89987070855946,
230303_132022,30.843435079736643,91.99288495851161,-81.22208180359786,-76.23430550756207,64.88413649703152,
230303_132022,30.82139567791884,91.99683605999624,-81.24769478924776,-76.26049912657467,64.86484966294532,
230303_132023,30.79838906416724,91.99918684247054,-81.27411823220454,-76.28747528475931,64.8444899963519,
230303_132024,30.777327923482655,91.99998125859464,-81.29806724009582,-76.31188939771803,64.82567868795675,
230303_132024,30.75490518114539,91.99958602104604,-81.32334513848623,-76.33762510806011,64.80549281711637,
230303_132025,30.727468933248275,91.99757479793702,-81.35400483305848,-76.36879898605675,64.78059859622527,
230303_132025,30.702787564858312,91.99449503526421,-81.38136138007843,-76.39657983808958,64.75804181702033,
230303_132026,30.677413065761026,91.99020976878448,-81.40928831928063,-76.42490930853968,64.7347087524198,
230303_132026,30.65096595735991,91.98465183530426,-81.43820279266646,-76.45421046721538,64.71025003170499,
230303_132027,30.61955034426302,91.97673789425856,-81.47231737879899,-76.48874488854035,64.68102888906164,
230303_132027,30.591727281114714,91.96864342832063,-81.50233882670663,-76.51910547978346,64.6550108019336,
230303_132028,30.560774816304093,91.95853975806536,-81.53554268936185,-76.55265355110897,64.62592605934636,
230303_132029,30.518230813564042,91.94292003553464,-81.58087497243318,-76.59840679502112,64.58572809756299,
230303_132030,30.474694728889574,91.92503538113657,-81.62692828492993,-76.64483366164238,64.5443501653725,
230303_132030,30.4349977885959,91.90718628274479,-81.66864795477257,-76.68684753431464,64.50642426517845,
230303_132031,30.3978167255797,91.88922463819215,-81.70750362525946,-76.72594131640813,64.47074325868415,
230303_132031,30.36397032042149,91.87188508725475,-81.7426996328835,-76.76132431003641,64.4381361397199,
230303_132032,30.331184171311797,91.85423097536541,-81.77664147725372,-76.79542146046961,64.40644095634948,
230303_132032,30.296563921081972,91.8347090519362,-81.8123264345625,-76.83124391160733,64.37286035750034,
230303_132033,30.261435839130232,91.81400899425667,-81.84837717526742,-76.86740731508017,64.33867334430455,
230303_132034,30.226482838459592,91.79254838555279,-81.88409552965614,-76.9032117525308,64.30454646997174,
230303_132034,30.191947809296018,91.77052094339913,-81.9192411719666,-76.93841768672618,64.2707225753179,
230303_132035,30.148489574497255,91.7416670803837,-81.96326713268698,-76.98248533021615,64.22801434624634,
230303_132035,30.11321382290513,91.7173342317462,-81.9988425123997,-77.01806709666587,64.19323102447946,
230303_132036,30.07969772065247,91.6934697999341,-82.0325115436154,-77.05171974087807,64.16008761495658,
230303_132036,30.044763052302734,91.66783002811054,-82.06747028136554,-77.08663838881455,64.12544375735804,
230303_132037,30.00603509301985,91.63849922968936,-82.10606459722861,-77.125160939036,64.08692237843006,
230303_132037,29.97040405513466,91.61067386578362,-82.1414241319374,-77.16042915680109,64.05137420171837,
