2.546394949257139907e-313
6.196227719203468689e-312
0.000000000000000000e+00
0.000000000000000000e+00
1.561364502992247369e-310
1.839499999999999957e+01
-3.384941643640734128e+02
-1.337518870750118660e+00
-3.397230916736121458e+02
2.126667720329573213e-02
4.816303975177040758e-03
5.896436157118032685e-03
2.096735975646777869e-02
5.091792418271809048e-03
-6.684293337185199906e-03
1.007792291050177091e+00
-3.026822293069665326e-01
7.043917697485860829e-01
1.230735528849232541e+00
-2.968221891764980525e-01
2.482428586315277297e-02
-2.427630797538654281e-02
-5.838419668804342155e-01
-5.327104128105917408e-03
-3.800720224078684914e-03
1.139013393659219289e-03
1.738666189052240005e-02
-1.292322838585782951e-01
-1.759286993111707886e+00
-3.766811856004790737e+00
-3.800720224078684914e-03
-2.538970328058021923e-03
1.126141796243130058e-02
5.376480458883208663e-03
-2.751294005348407529e-03
9.890274057776062694e-03
1.110460716910518369e-01
-2.886042972436037718e-02
5.898041374851996366e-03
9.159981300450024833e+01
7.965201130826108505e-03
6.183578491210937500e+00
-5.475497191159233727e-06
0.000000000000000000e+00
0.000000000000000000e+00
0.000000000000000000e+00
0.000000000000000000e+00
0.000000000000000000e+00
6.522915127037731686e-03
1.935880213755625245e-02
2.016280757932698009e-02
1.371007520884348629e-02
6.661045631511612738e-04
-3.045257161952268869e-03
-2.244787990801266810e-04
-1.212609235448364707e-03
-6.469725250052145438e-02
-4.930049292841506142e-02
-7.937544400571378000e-02
-8.329014650475931314e-02
6.966337516577181255e-02
5.456086269189786009e-02
7.008878998367351620e-02
7.783370819849300126e-02
3.002955543004892647e-02
-8.084843286206115642e-03
4.264003463940551492e-03
-1.000000000000000000e+00
-1.000000000000000000e+00
-1.000000000000000000e+00
-1.000000000000000000e+00
0.000000000000000000e+00
3.168055942482128245e+180
5.618707860806872604e-310
0.000000000000000000e+00
0.000000000000000000e+00
0.000000000000000000e+00
0.000000000000000000e+00
0.000000000000000000e+00
0.000000000000000000e+00
2.471000702762114244e-312
0.000000000000000000e+00
0.000000000000000000e+00
0.000000000000000000e+00
0.000000000000000000e+00
0.000000000000000000e+00
0.000000000000000000e+00
0.000000000000000000e+00
3.743200576098699437e-311
5.730317355899257851e-315
5.419523931707697089e-05
nan
nan
nan
2.121995790965272315e-314
nan
1.115452323039159336e-313
2.964393875047479265e-323
nan
-7.812505573383532465e-03
